fn,crs:AutoLateralCA,crs:Blacks2012,crs:BlueHue,crs:BlueSaturation,crs:Clarity2012,crs:ColorNoiseReduction,crs:ColorNoiseReductionDetail,crs:ColorNoiseReductionSmoothness,crs:Contrast2012,crs:ConvertToGrayscale,crs:DefringeGreenAmount,crs:DefringeGreenHueHi,crs:DefringeGreenHueLo,crs:DefringePurpleAmount,crs:DefringePurpleHueHi,crs:DefringePurpleHueLo,crs:Dehaze,crs:Exposure2012,crs:GrainAmount,crs:GreenHue,crs:GreenSaturation,crs:Highlights2012,crs:HueAdjustmentAqua,crs:HueAdjustmentBlue,crs:HueAdjustmentGreen,crs:HueAdjustmentMagenta,crs:HueAdjustmentOrange,crs:HueAdjustmentPurple,crs:HueAdjustmentRed,crs:HueAdjustmentYellow,crs:LensManualDistortionAmount,crs:LensProfileEnable,crs:LuminanceAdjustmentAqua,crs:LuminanceAdjustmentBlue,crs:LuminanceAdjustmentGreen,crs:LuminanceAdjustmentMagenta,crs:LuminanceAdjustmentOrange,crs:LuminanceAdjustmentPurple,crs:LuminanceAdjustmentRed,crs:LuminanceAdjustmentYellow,crs:LuminanceSmoothing,crs:ParametricDarks,crs:ParametricHighlightSplit,crs:ParametricHighlights,crs:ParametricLights,crs:ParametricMidtoneSplit,crs:ParametricShadowSplit,crs:ParametricShadows,crs:PerspectiveAspect,crs:PerspectiveHorizontal,crs:PerspectiveRotate,crs:PerspectiveScale,crs:PerspectiveUpright,crs:PerspectiveVertical,crs:PerspectiveX,crs:PerspectiveY,crs:PostCropVignetteAmount,crs:RedHue,crs:RedSaturation,crs:Saturation,crs:SaturationAdjustmentAqua,crs:SaturationAdjustmentBlue,crs:SaturationAdjustmentGreen,crs:SaturationAdjustmentMagenta,crs:SaturationAdjustmentOrange,crs:SaturationAdjustmentPurple,crs:SaturationAdjustmentRed,crs:SaturationAdjustmentYellow,crs:ShadowTint,crs:Shadows2012,crs:SharpenDetail,crs:SharpenEdgeMasking,crs:SharpenRadius,crs:Sharpness,crs:SplitToningBalance,crs:SplitToningHighlightHue,crs:SplitToningHighlightSaturation,crs:SplitToningShadowHue,crs:SplitToningShadowSaturation,crs:Temperature,crs:Tint,crs:Vibrance,crs:VignetteAmount,crs:Whites2012
/home/aagnone/Banning_Mills/DSC_6460.xmp,0.0,1.0,0.0,0.0,2.0,1.0,1.0,1.0,40.0,0.0,0.0,1.0,1.0,0.0,1.0,1.0,0.0,0.21,0.0,1.0,0.0,1.0,0.0,0.0,1.0,1.0,1.0,1.0,1.0,0.0,0.0,0.0,0.0,0.0,0.0,0.0,0.0,0.0,0.0,0.0,0.0,0.0,1.0,0.0,0.0,1.0,1.0,0.0,0.0,0.0,0.0,1.0,0.0,0.0,0.0,0.0,0.0,1.0,0.0,3.0,0.0,0.0,0.0,0.0,1.0,0.0,0.0,1.0,0.0,4.0,1.0,0.0,1.0,0.0,0.0,1.0,1.0,1.0,1.0,5144.0,1.0,0.0,0.0,2.0
/home/aagnone/Banning_Mills/DSC_6461.xmp,0.0,1.0,0.0,0.0,2.0,1.0,1.0,1.0,39.0,0.0,0.0,1.0,1.0,0.0,1.0,1.0,0.0,0.16,0.0,1.0,0.0,1.0,0.0,0.0,1.0,1.0,1.0,1.0,1.0,0.0,0.0,0.0,0.0,0.0,0.0,0.0,0.0,0.0,0.0,0.0,0.0,0.0,1.0,0.0,0.0,1.0,1.0,0.0,0.0,0.0,0.0,1.0,0.0,0.0,0.0,0.0,0.0,1.0,0.0,3.0,0.0,0.0,0.0,0.0,1.0,0.0,0.0,1.0,0.0,4.0,1.0,0.0,1.0,0.0,0.0,1.0,1.0,1.0,1.0,4864.0,1.0,0.0,0.0,2.0
/home/aagnone/Banning_Mills/DSC_6462.xmp,0.0,1.0,0.0,0.0,2.0,1.0,1.0,1.0,32.0,0.0,0.0,1.0,1.0,0.0,1.0,1.0,0.0,0.37,0.0,1.0,0.0,1.0,0.0,0.0,1.0,1.0,1.0,1.0,1.0,0.0,0.0,0.0,0.0,0.0,0.0,0.0,0.0,0.0,0.0,0.0,0.0,0.0,1.0,0.0,0.0,1.0,1.0,0.0,0.0,0.0,0.0,1.0,0.0,0.0,0.0,0.0,0.0,1.0,0.0,3.0,0.0,0.0,0.0,0.0,1.0,0.0,0.0,1.0,0.0,4.0,1.0,0.0,1.0,0.0,0.0,1.0,1.0,1.0,1.0,4999.0,1.0,0.0,0.0,2.0
/home/aagnone/Banning_Mills/DSC_6463.xmp,0.0,1.0,0.0,0.0,2.0,1.0,1.0,1.0,38.0,0.0,0.0,1.0,1.0,0.0,1.0,1.0,0.0,0.55,0.0,1.0,0.0,1.0,0.0,0.0,1.0,1.0,1.0,1.0,1.0,0.0,0.0,0.0,0.0,0.0,0.0,0.0,0.0,0.0,0.0,0.0,0.0,0.0,1.0,0.0,0.0,1.0,1.0,0.0,0.0,0.0,0.0,1.0,0.0,0.0,0.0,0.0,0.0,1.0,0.0,3.0,0.0,0.0,0.0,0.0,1.0,0.0,0.0,1.0,0.0,4.0,1.0,0.0,1.0,0.0,0.0,1.0,1.0,1.0,1.0,4939.0,1.0,0.0,0.0,2.0
/home/aagnone/Banning_Mills/DSC_6465.xmp,0.0,1.0,0.0,0.0,2.0,1.0,1.0,1.0,38.0,0.0,0.0,1.0,1.0,0.0,1.0,1.0,0.0,0.39,0.0,1.0,0.0,1.0,0.0,0.0,1.0,1.0,1.0,1.0,1.0,0.0,0.0,0.0,0.0,0.0,0.0,0.0,0.0,0.0,0.0,0.0,0.0,0.0,1.0,0.0,0.0,1.0,1.0,0.0,0.0,0.0,0.0,1.0,0.0,0.0,0.0,0.0,0.0,1.0,0.0,3.0,0.0,0.0,0.0,0.0,1.0,0.0,1.0,1.0,0.0,4.0,1.0,0.0,1.0,0.0,0.0,1.0,1.0,1.0,1.0,5136.0,1.0,0.0,0.0,2.0
/home/aagnone/Banning_Mills/DSC_6467.xmp,0.0,1.0,0.0,0.0,2.0,1.0,1.0,1.0,37.0,0.0,0.0,1.0,1.0,0.0,1.0,1.0,0.0,0.46,0.0,1.0,0.0,1.0,0.0,0.0,1.0,1.0,1.0,1.0,1.0,0.0,0.0,0.0,0.0,0.0,0.0,0.0,0.0,0.0,0.0,0.0,0.0,0.0,1.0,0.0,0.0,1.0,1.0,0.0,0.0,0.0,0.0,1.0,0.0,0.0,0.0,0.0,0.0,1.0,0.0,3.0,0.0,0.0,0.0,0.0,1.0,0.0,0.0,1.0,0.0,4.0,1.0,0.0,1.0,0.0,0.0,1.0,1.0,1.0,1.0,5021.0,1.0,0.0,0.0,2.0
/home/aagnone/Banning_Mills/DSC_6468.xmp,0.0,1.0,0.0,0.0,2.0,1.0,1.0,1.0,28.0,0.0,0.0,1.0,1.0,0.0,1.0,1.0,0.0,-0.09,0.0,1.0,0.0,1.0,0.0,0.0,1.0,1.0,1.0,1.0,1.0,0.0,0.0,0.0,0.0,0.0,0.0,0.0,0.0,0.0,0.0,0.0,0.0,0.0,1.0,0.0,0.0,1.0,1.0,0.0,0.0,0.0,0.0,1.0,0.0,0.0,0.0,0.0,0.0,1.0,0.0,3.0,0.0,0.0,0.0,0.0,1.0,0.0,1.0,1.0,0.0,4.0,1.0,0.0,1.0,0.0,0.0,1.0,1.0,1.0,1.0,5048.0,1.0,0.0,0.0,2.0
/home/aagnone/Banning_Mills/DSC_6469.xmp,0.0,1.0,0.0,0.0,2.0,1.0,1.0,1.0,43.0,0.0,0.0,1.0,1.0,0.0,1.0,1.0,0.0,-0.23,0.0,1.0,0.0,1.0,0.0,0.0,1.0,1.0,1.0,1.0,1.0,0.0,0.0,0.0,0.0,0.0,0.0,0.0,0.0,0.0,0.0,0.0,0.0,0.0,1.0,0.0,0.0,1.0,1.0,0.0,0.0,0.0,0.0,1.0,0.0,0.0,0.0,0.0,0.0,1.0,0.0,3.0,0.0,0.0,0.0,0.0,1.0,0.0,1.0,1.0,0.0,4.0,1.0,0.0,1.0,0.0,0.0,1.0,1.0,1.0,1.0,5051.0,1.0,0.0,0.0,2.0
/home/aagnone/Banning_Mills/DSC_6470.xmp,0.0,1.0,0.0,0.0,2.0,1.0,1.0,1.0,38.0,0.0,0.0,1.0,1.0,0.0,1.0,1.0,0.0,-0.22,0.0,1.0,0.0,1.0,0.0,0.0,1.0,1.0,1.0,1.0,1.0,0.0,0.0,0.0,0.0,0.0,0.0,0.0,0.0,0.0,0.0,0.0,0.0,0.0,1.0,0.0,0.0,1.0,1.0,0.0,0.0,0.0,0.0,1.0,0.0,0.0,0.0,0.0,0.0,1.0,0.0,3.0,0.0,0.0,0.0,0.0,1.0,0.0,1.0,1.0,0.0,4.0,1.0,0.0,1.0,0.0,0.0,1.0,1.0,1.0,1.0,4939.0,1.0,0.0,0.0,2.0
/home/aagnone/Banning_Mills/DSC_6471.xmp,0.0,1.0,0.0,0.0,2.0,1.0,1.0,1.0,31.0,0.0,0.0,1.0,1.0,0.0,1.0,1.0,0.0,0.01,0.0,1.0,0.0,1.0,0.0,0.0,1.0,1.0,1.0,1.0,1.0,0.0,0.0,0.0,0.0,0.0,0.0,0.0,0.0,0.0,0.0,0.0,0.0,0.0,1.0,0.0,0.0,1.0,1.0,0.0,0.0,0.0,0.0,1.0,0.0,0.0,0.0,0.0,0.0,1.0,0.0,3.0,0.0,0.0,0.0,0.0,1.0,0.0,1.0,1.0,0.0,4.0,1.0,0.0,1.0,0.0,0.0,1.0,1.0,1.0,1.0,4995.0,1.0,0.0,0.0,2.0
/home/aagnone/Banning_Mills/DSC_6472.xmp,0.0,1.0,0.0,0.0,2.0,1.0,1.0,1.0,42.0,0.0,0.0,1.0,1.0,0.0,1.0,1.0,0.0,-0.14,0.0,1.0,0.0,1.0,0.0,0.0,1.0,1.0,1.0,1.0,1.0,0.0,0.0,0.0,0.0,0.0,0.0,0.0,0.0,0.0,0.0,0.0,0.0,0.0,1.0,0.0,0.0,1.0,1.0,0.0,0.0,0.0,0.0,1.0,0.0,0.0,0.0,0.0,0.0,1.0,0.0,3.0,0.0,0.0,0.0,0.0,1.0,0.0,1.0,1.0,0.0,4.0,1.0,0.0,1.0,0.0,0.0,1.0,1.0,1.0,1.0,4936.0,1.0,0.0,0.0,2.0
/home/aagnone/Banning_Mills/DSC_6473.xmp,0.0,1.0,0.0,0.0,2.0,1.0,1.0,1.0,35.0,0.0,0.0,1.0,1.0,0.0,1.0,1.0,0.0,0.01,0.0,1.0,0.0,1.0,0.0,0.0,1.0,1.0,1.0,1.0,1.0,0.0,0.0,0.0,0.0,0.0,0.0,0.0,0.0,0.0,0.0,0.0,0.0,0.0,1.0,0.0,0.0,1.0,1.0,0.0,0.0,0.0,0.0,1.0,0.0,0.0,0.0,0.0,0.0,1.0,0.0,3.0,0.0,0.0,0.0,0.0,1.0,0.0,1.0,1.0,0.0,4.0,1.0,0.0,1.0,0.0,0.0,1.0,1.0,1.0,1.0,5095.0,1.0,0.0,0.0,2.0
/home/aagnone/Banning_Mills/DSC_6475.xmp,0.0,1.0,0.0,0.0,2.0,1.0,1.0,1.0,33.0,0.0,0.0,1.0,1.0,0.0,1.0,1.0,0.0,-0.15,0.0,1.0,0.0,1.0,0.0,0.0,1.0,1.0,1.0,1.0,1.0,0.0,0.0,0.0,0.0,0.0,0.0,0.0,0.0,0.0,0.0,0.0,0.0,0.0,1.0,0.0,0.0,1.0,1.0,0.0,0.0,0.0,0.0,1.0,0.0,0.0,0.0,0.0,0.0,1.0,0.0,3.0,0.0,0.0,0.0,0.0,1.0,0.0,1.0,1.0,0.0,4.0,1.0,0.0,1.0,0.0,0.0,1.0,1.0,1.0,1.0,4929.0,1.0,0.0,0.0,2.0
/home/aagnone/Banning_Mills/DSC_6478.xmp,0.0,1.0,0.0,0.0,2.0,1.0,1.0,1.0,30.0,0.0,0.0,1.0,1.0,0.0,1.0,1.0,0.0,0.58,0.0,1.0,0.0,1.0,0.0,0.0,1.0,1.0,1.0,1.0,1.0,0.0,0.0,0.0,0.0,0.0,0.0,0.0,0.0,0.0,0.0,0.0,0.0,0.0,1.0,0.0,0.0,1.0,1.0,0.0,0.0,0.0,0.0,1.0,0.0,0.0,0.0,0.0,0.0,1.0,0.0,3.0,0.0,0.0,0.0,0.0,1.0,0.0,0.0,1.0,0.0,4.0,1.0,0.0,1.0,0.0,0.0,1.0,1.0,1.0,1.0,4931.0,1.0,0.0,0.0,2.0
/home/aagnone/Banning_Mills/DSC_6479.xmp,0.0,1.0,0.0,0.0,2.0,1.0,1.0,1.0,39.0,0.0,0.0,1.0,1.0,0.0,1.0,1.0,0.0,-0.04,0.0,1.0,0.0,1.0,0.0,0.0,1.0,1.0,1.0,1.0,1.0,0.0,0.0,0.0,0.0,0.0,0.0,0.0,0.0,0.0,0.0,0.0,0.0,0.0,1.0,0.0,0.0,1.0,1.0,0.0,0.0,0.0,0.0,1.0,0.0,0.0,0.0,0.0,0.0,1.0,0.0,3.0,0.0,0.0,0.0,0.0,1.0,0.0,1.0,1.0,0.0,4.0,1.0,0.0,1.0,0.0,0.0,1.0,1.0,1.0,1.0,4916.0,1.0,0.0,0.0,2.0
/home/aagnone/Banning_Mills/DSC_6480.xmp,0.0,1.0,0.0,0.0,2.0,1.0,1.0,1.0,37.0,0.0,0.0,1.0,1.0,0.0,1.0,1.0,0.0,0.26,0.0,1.0,0.0,1.0,0.0,0.0,1.0,1.0,1.0,1.0,1.0,0.0,0.0,0.0,0.0,0.0,0.0,0.0,0.0,0.0,0.0,0.0,0.0,0.0,1.0,0.0,0.0,1.0,1.0,0.0,0.0,0.0,0.0,1.0,0.0,0.0,0.0,0.0,0.0,1.0,0.0,3.0,0.0,0.0,0.0,0.0,1.0,0.0,1.0,1.0,0.0,4.0,1.0,0.0,1.0,0.0,0.0,1.0,1.0,1.0,1.0,4939.0,1.0,0.0,0.0,2.0
/home/aagnone/Banning_Mills/DSC_6481.xmp,0.0,1.0,0.0,0.0,2.0,1.0,1.0,1.0,35.0,0.0,0.0,1.0,1.0,0.0,1.0,1.0,0.0,0.22,0.0,1.0,0.0,1.0,0.0,0.0,1.0,1.0,1.0,1.0,1.0,0.0,0.0,0.0,0.0,0.0,0.0,0.0,0.0,0.0,0.0,0.0,0.0,0.0,1.0,0.0,0.0,1.0,1.0,0.0,0.0,0.0,0.0,1.0,0.0,0.0,0.0,0.0,0.0,1.0,0.0,3.0,0.0,0.0,0.0,0.0,1.0,0.0,1.0,1.0,0.0,4.0,1.0,0.0,1.0,0.0,0.0,1.0,1.0,1.0,1.0,5000.0,1.0,0.0,0.0,2.0
/home/aagnone/Banning_Mills/DSC_6482.xmp,0.0,1.0,0.0,0.0,2.0,1.0,1.0,1.0,32.0,0.0,0.0,1.0,1.0,0.0,1.0,1.0,0.0,-0.12,0.0,1.0,0.0,1.0,0.0,0.0,1.0,1.0,1.0,1.0,1.0,0.0,0.0,0.0,0.0,0.0,0.0,0.0,0.0,0.0,0.0,0.0,0.0,0.0,1.0,0.0,0.0,1.0,1.0,0.0,0.0,0.0,0.0,1.0,0.0,0.0,0.0,0.0,0.0,1.0,0.0,3.0,0.0,0.0,0.0,0.0,1.0,0.0,1.0,1.0,0.0,4.0,1.0,0.0,1.0,0.0,0.0,1.0,1.0,1.0,1.0,4991.0,1.0,0.0,0.0,2.0
/home/aagnone/Banning_Mills/DSC_6483.xmp,0.0,1.0,0.0,0.0,2.0,1.0,1.0,1.0,31.0,0.0,0.0,1.0,1.0,0.0,1.0,1.0,0.0,-0.01,0.0,1.0,0.0,1.0,0.0,0.0,1.0,1.0,1.0,1.0,1.0,0.0,0.0,0.0,0.0,0.0,0.0,0.0,0.0,0.0,0.0,0.0,0.0,0.0,1.0,0.0,0.0,1.0,1.0,0.0,0.0,0.0,0.0,1.0,0.0,0.0,0.0,0.0,0.0,1.0,0.0,3.0,0.0,0.0,0.0,0.0,1.0,0.0,1.0,1.0,0.0,4.0,1.0,0.0,1.0,0.0,0.0,1.0,1.0,1.0,1.0,5020.0,1.0,0.0,0.0,2.0
/home/aagnone/Banning_Mills/DSC_6484.xmp,0.0,1.0,0.0,0.0,2.0,1.0,1.0,1.0,36.0,0.0,0.0,1.0,1.0,0.0,1.0,1.0,0.0,-0.21,0.0,1.0,0.0,1.0,0.0,0.0,1.0,1.0,1.0,1.0,1.0,0.0,0.0,0.0,0.0,0.0,0.0,0.0,0.0,0.0,0.0,0.0,0.0,0.0,1.0,0.0,0.0,1.0,1.0,0.0,0.0,0.0,0.0,1.0,0.0,0.0,0.0,0.0,0.0,1.0,0.0,3.0,0.0,0.0,0.0,0.0,1.0,0.0,1.0,1.0,0.0,4.0,1.0,0.0,1.0,0.0,0.0,1.0,1.0,1.0,1.0,5269.0,1.0,0.0,0.0,2.0
/home/aagnone/Banning_Mills/DSC_6485.xmp,0.0,1.0,0.0,0.0,2.0,1.0,1.0,1.0,35.0,0.0,0.0,1.0,1.0,0.0,1.0,1.0,0.0,-0.23,0.0,1.0,0.0,1.0,0.0,0.0,1.0,1.0,1.0,1.0,1.0,0.0,0.0,0.0,0.0,0.0,0.0,0.0,0.0,0.0,0.0,0.0,0.0,0.0,1.0,0.0,0.0,1.0,1.0,0.0,0.0,0.0,0.0,1.0,0.0,0.0,0.0,0.0,0.0,1.0,0.0,3.0,0.0,0.0,0.0,0.0,1.0,0.0,1.0,1.0,0.0,4.0,1.0,0.0,1.0,0.0,0.0,1.0,1.0,1.0,1.0,5200.0,1.0,0.0,0.0,2.0
/home/aagnone/Banning_Mills/DSC_6486.xmp,0.0,1.0,0.0,0.0,2.0,1.0,1.0,1.0,42.0,0.0,0.0,1.0,1.0,0.0,1.0,1.0,0.0,-0.06,0.0,1.0,0.0,1.0,0.0,0.0,1.0,1.0,1.0,1.0,1.0,0.0,0.0,0.0,0.0,0.0,0.0,0.0,0.0,0.0,0.0,0.0,0.0,0.0,1.0,0.0,0.0,1.0,1.0,0.0,0.0,0.0,0.0,1.0,0.0,0.0,0.0,0.0,0.0,1.0,0.0,3.0,0.0,0.0,0.0,0.0,1.0,0.0,1.0,1.0,0.0,4.0,1.0,0.0,1.0,0.0,0.0,1.0,1.0,1.0,1.0,5235.0,1.0,0.0,0.0,2.0
/home/aagnone/Banning_Mills/DSC_6487.xmp,0.0,1.0,0.0,0.0,2.0,1.0,1.0,1.0,36.0,0.0,0.0,1.0,1.0,0.0,1.0,1.0,0.0,-0.06,0.0,1.0,0.0,1.0,0.0,0.0,1.0,1.0,1.0,1.0,1.0,0.0,0.0,0.0,0.0,0.0,0.0,0.0,0.0,0.0,0.0,0.0,0.0,0.0,1.0,0.0,0.0,1.0,1.0,0.0,0.0,0.0,0.0,1.0,0.0,0.0,0.0,0.0,0.0,1.0,0.0,3.0,0.0,0.0,0.0,0.0,1.0,0.0,1.0,1.0,0.0,4.0,1.0,0.0,1.0,0.0,0.0,1.0,1.0,1.0,1.0,5240.0,1.0,0.0,0.0,2.0
/home/aagnone/Banning_Mills/DSC_6488.xmp,0.0,1.0,0.0,0.0,2.0,1.0,1.0,1.0,37.0,0.0,0.0,1.0,1.0,0.0,1.0,1.0,0.0,-0.02,0.0,1.0,0.0,1.0,0.0,0.0,1.0,1.0,1.0,1.0,1.0,0.0,0.0,0.0,0.0,0.0,0.0,0.0,0.0,0.0,0.0,0.0,0.0,0.0,1.0,0.0,0.0,1.0,1.0,0.0,0.0,0.0,0.0,1.0,0.0,0.0,0.0,0.0,0.0,1.0,0.0,3.0,0.0,0.0,0.0,0.0,1.0,0.0,1.0,1.0,0.0,4.0,1.0,0.0,1.0,0.0,0.0,1.0,1.0,1.0,1.0,5188.0,1.0,0.0,0.0,2.0
/home/aagnone/Banning_Mills/DSC_6489.xmp,0.0,1.0,0.0,0.0,2.0,1.0,1.0,1.0,29.0,0.0,0.0,1.0,1.0,0.0,1.0,1.0,0.0,-0.08,0.0,1.0,0.0,1.0,0.0,0.0,1.0,1.0,1.0,1.0,1.0,0.0,0.0,0.0,0.0,0.0,0.0,0.0,0.0,0.0,0.0,0.0,0.0,0.0,1.0,0.0,0.0,1.0,1.0,0.0,0.0,0.0,0.0,1.0,0.0,0.0,0.0,0.0,0.0,1.0,0.0,3.0,0.0,0.0,0.0,0.0,1.0,0.0,1.0,1.0,0.0,4.0,1.0,0.0,1.0,0.0,0.0,1.0,1.0,1.0,1.0,5349.0,1.0,0.0,0.0,2.0
/home/aagnone/Banning_Mills/DSC_6490.xmp,0.0,1.0,0.0,0.0,2.0,1.0,1.0,1.0,38.0,0.0,0.0,1.0,1.0,0.0,1.0,1.0,0.0,-0.17,0.0,1.0,0.0,1.0,0.0,0.0,1.0,1.0,1.0,1.0,1.0,0.0,0.0,0.0,0.0,0.0,0.0,0.0,0.0,0.0,0.0,0.0,0.0,0.0,1.0,0.0,0.0,1.0,1.0,0.0,0.0,0.0,0.0,1.0,0.0,0.0,0.0,0.0,0.0,1.0,0.0,3.0,0.0,0.0,0.0,0.0,1.0,0.0,1.0,1.0,0.0,4.0,1.0,0.0,1.0,0.0,0.0,1.0,1.0,1.0,1.0,5164.0,1.0,0.0,0.0,2.0
/home/aagnone/Banning_Mills/DSC_6491.xmp,0.0,1.0,0.0,0.0,2.0,1.0,1.0,1.0,42.0,0.0,0.0,1.0,1.0,0.0,1.0,1.0,0.0,-0.02,0.0,1.0,0.0,1.0,0.0,0.0,1.0,1.0,1.0,1.0,1.0,0.0,0.0,0.0,0.0,0.0,0.0,0.0,0.0,0.0,0.0,0.0,0.0,0.0,1.0,0.0,0.0,1.0,1.0,0.0,0.0,0.0,0.0,1.0,0.0,0.0,0.0,0.0,0.0,1.0,0.0,3.0,0.0,0.0,0.0,0.0,1.0,0.0,1.0,1.0,0.0,4.0,1.0,0.0,1.0,0.0,0.0,1.0,1.0,1.0,1.0,4942.0,1.0,0.0,0.0,2.0
/home/aagnone/Banning_Mills/DSC_6492.xmp,0.0,1.0,0.0,0.0,2.0,1.0,1.0,1.0,48.0,0.0,0.0,1.0,1.0,0.0,1.0,1.0,0.0,0.02,0.0,1.0,0.0,1.0,0.0,0.0,1.0,1.0,1.0,1.0,1.0,0.0,0.0,0.0,0.0,0.0,0.0,0.0,0.0,0.0,0.0,0.0,0.0,0.0,1.0,0.0,0.0,1.0,1.0,0.0,0.0,0.0,0.0,1.0,0.0,0.0,0.0,0.0,0.0,1.0,0.0,3.0,0.0,0.0,0.0,0.0,1.0,0.0,1.0,1.0,0.0,4.0,1.0,0.0,1.0,0.0,0.0,1.0,1.0,1.0,1.0,5112.0,1.0,0.0,0.0,2.0
/home/aagnone/Banning_Mills/DSC_6493.xmp,0.0,1.0,0.0,0.0,2.0,1.0,1.0,1.0,44.0,0.0,0.0,1.0,1.0,0.0,1.0,1.0,0.0,-0.09,0.0,1.0,0.0,1.0,0.0,0.0,1.0,1.0,1.0,1.0,1.0,0.0,0.0,0.0,0.0,0.0,0.0,0.0,0.0,0.0,0.0,0.0,0.0,0.0,1.0,0.0,0.0,1.0,1.0,0.0,0.0,0.0,0.0,1.0,0.0,0.0,0.0,0.0,0.0,1.0,0.0,3.0,0.0,0.0,0.0,0.0,1.0,0.0,1.0,1.0,0.0,4.0,1.0,0.0,1.0,0.0,0.0,1.0,1.0,1.0,1.0,5735.0,1.0,0.0,0.0,2.0
/home/aagnone/Banning_Mills/DSC_6494.xmp,0.0,1.0,0.0,0.0,2.0,1.0,1.0,1.0,41.0,0.0,0.0,1.0,1.0,0.0,1.0,1.0,0.0,-0.24,0.0,1.0,0.0,1.0,0.0,0.0,1.0,1.0,1.0,1.0,1.0,0.0,0.0,0.0,0.0,0.0,0.0,0.0,0.0,0.0,0.0,0.0,0.0,0.0,1.0,0.0,0.0,1.0,1.0,0.0,0.0,0.0,0.0,1.0,0.0,0.0,0.0,0.0,0.0,1.0,0.0,3.0,0.0,0.0,0.0,0.0,1.0,0.0,1.0,1.0,0.0,4.0,1.0,0.0,1.0,0.0,0.0,1.0,1.0,1.0,1.0,5554.0,1.0,0.0,0.0,2.0
/home/aagnone/Banning_Mills/DSC_6495.xmp,0.0,1.0,0.0,0.0,2.0,1.0,1.0,1.0,39.0,0.0,0.0,1.0,1.0,0.0,1.0,1.0,0.0,-0.28,0.0,1.0,0.0,1.0,0.0,0.0,1.0,1.0,1.0,1.0,1.0,0.0,0.0,0.0,0.0,0.0,0.0,0.0,0.0,0.0,0.0,0.0,0.0,0.0,1.0,0.0,0.0,1.0,1.0,0.0,0.0,0.0,0.0,1.0,0.0,0.0,0.0,0.0,0.0,1.0,0.0,3.0,0.0,0.0,0.0,0.0,1.0,0.0,1.0,1.0,0.0,4.0,1.0,0.0,1.0,0.0,0.0,1.0,1.0,1.0,1.0,4964.0,1.0,0.0,0.0,2.0
/home/aagnone/Banning_Mills/DSC_6496.xmp,0.0,1.0,0.0,0.0,2.0,1.0,1.0,1.0,38.0,0.0,0.0,1.0,1.0,0.0,1.0,1.0,0.0,-0.19,0.0,1.0,0.0,1.0,0.0,0.0,1.0,1.0,1.0,1.0,1.0,0.0,0.0,0.0,0.0,0.0,0.0,0.0,0.0,0.0,0.0,0.0,0.0,0.0,1.0,0.0,0.0,1.0,1.0,0.0,0.0,0.0,0.0,1.0,0.0,0.0,0.0,0.0,0.0,1.0,0.0,3.0,0.0,0.0,0.0,0.0,1.0,0.0,1.0,1.0,0.0,4.0,1.0,0.0,1.0,0.0,0.0,1.0,1.0,1.0,1.0,4943.0,1.0,0.0,0.0,2.0
/home/aagnone/Banning_Mills/DSC_6497.xmp,0.0,1.0,0.0,0.0,2.0,1.0,1.0,1.0,32.0,0.0,0.0,1.0,1.0,0.0,1.0,1.0,0.0,0.4,0.0,1.0,0.0,1.0,0.0,0.0,1.0,1.0,1.0,1.0,1.0,0.0,0.0,0.0,0.0,0.0,0.0,0.0,0.0,0.0,0.0,0.0,0.0,0.0,1.0,0.0,0.0,1.0,1.0,0.0,0.0,0.0,0.0,1.0,0.0,0.0,0.0,0.0,0.0,1.0,0.0,3.0,0.0,0.0,0.0,0.0,1.0,0.0,1.0,1.0,0.0,4.0,1.0,0.0,1.0,0.0,0.0,1.0,1.0,1.0,1.0,4970.0,1.0,0.0,0.0,2.0
/home/aagnone/Banning_Mills/DSC_6498.xmp,0.0,1.0,0.0,0.0,2.0,1.0,1.0,1.0,35.0,0.0,0.0,1.0,1.0,0.0,1.0,1.0,0.0,-0.02,0.0,1.0,0.0,1.0,0.0,0.0,1.0,1.0,1.0,1.0,1.0,0.0,0.0,0.0,0.0,0.0,0.0,0.0,0.0,0.0,0.0,0.0,0.0,0.0,1.0,0.0,0.0,1.0,1.0,0.0,0.0,0.0,0.0,1.0,0.0,0.0,0.0,0.0,0.0,1.0,0.0,3.0,0.0,0.0,0.0,0.0,1.0,0.0,1.0,1.0,0.0,4.0,1.0,0.0,1.0,0.0,0.0,1.0,1.0,1.0,1.0,4948.0,1.0,0.0,0.0,2.0
/home/aagnone/Banning_Mills/DSC_6499.xmp,0.0,1.0,0.0,0.0,2.0,1.0,1.0,1.0,34.0,0.0,0.0,1.0,1.0,0.0,1.0,1.0,0.0,-0.23,0.0,1.0,0.0,1.0,0.0,0.0,1.0,1.0,1.0,1.0,1.0,0.0,0.0,0.0,0.0,0.0,0.0,0.0,0.0,0.0,0.0,0.0,0.0,0.0,1.0,0.0,0.0,1.0,1.0,0.0,0.0,0.0,0.0,1.0,0.0,0.0,0.0,0.0,0.0,1.0,0.0,3.0,0.0,0.0,0.0,0.0,1.0,0.0,1.0,1.0,0.0,4.0,1.0,0.0,1.0,0.0,0.0,1.0,1.0,1.0,1.0,5246.0,1.0,0.0,0.0,2.0
/home/aagnone/Banning_Mills/DSC_6500.xmp,0.0,1.0,0.0,0.0,2.0,1.0,1.0,1.0,43.0,0.0,0.0,1.0,1.0,0.0,1.0,1.0,0.0,-0.6,0.0,1.0,0.0,1.0,0.0,0.0,1.0,1.0,1.0,1.0,1.0,0.0,0.0,0.0,0.0,0.0,0.0,0.0,0.0,0.0,0.0,0.0,0.0,0.0,1.0,0.0,0.0,1.0,1.0,0.0,0.0,0.0,0.0,1.0,0.0,0.0,0.0,0.0,0.0,1.0,0.0,3.0,0.0,0.0,0.0,0.0,1.0,0.0,0.0,1.0,0.0,4.0,1.0,0.0,1.0,0.0,0.0,1.0,1.0,1.0,1.0,5302.0,1.0,0.0,0.0,2.0
/home/aagnone/Banning_Mills/DSC_6501.xmp,0.0,1.0,0.0,0.0,2.0,1.0,1.0,1.0,38.0,0.0,0.0,1.0,1.0,0.0,1.0,1.0,0.0,-0.51,0.0,1.0,0.0,1.0,0.0,0.0,1.0,1.0,1.0,1.0,1.0,0.0,0.0,0.0,0.0,0.0,0.0,0.0,0.0,0.0,0.0,0.0,0.0,0.0,1.0,0.0,0.0,1.0,1.0,0.0,0.0,0.0,0.0,1.0,0.0,0.0,0.0,0.0,0.0,1.0,0.0,3.0,0.0,0.0,0.0,0.0,1.0,0.0,0.0,1.0,0.0,4.0,1.0,0.0,1.0,0.0,0.0,1.0,1.0,1.0,1.0,6004.0,1.0,0.0,0.0,2.0
/home/aagnone/Banning_Mills/DSC_6503.xmp,0.0,1.0,0.0,0.0,2.0,1.0,1.0,1.0,44.0,0.0,0.0,1.0,1.0,0.0,1.0,1.0,0.0,-0.34,0.0,1.0,0.0,1.0,0.0,0.0,1.0,1.0,1.0,1.0,1.0,0.0,0.0,0.0,0.0,0.0,0.0,0.0,0.0,0.0,0.0,0.0,0.0,0.0,1.0,0.0,0.0,1.0,1.0,0.0,0.0,0.0,0.0,1.0,0.0,0.0,0.0,0.0,0.0,1.0,0.0,3.0,0.0,0.0,0.0,0.0,1.0,0.0,0.0,1.0,0.0,4.0,1.0,0.0,1.0,0.0,0.0,1.0,1.0,1.0,1.0,5207.0,1.0,0.0,0.0,2.0
/home/aagnone/Banning_Mills/DSC_6504.xmp,0.0,1.0,0.0,0.0,2.0,1.0,1.0,1.0,43.0,0.0,0.0,1.0,1.0,0.0,1.0,1.0,0.0,-0.46,0.0,1.0,0.0,1.0,0.0,0.0,1.0,1.0,1.0,1.0,1.0,0.0,0.0,0.0,0.0,0.0,0.0,0.0,0.0,0.0,0.0,0.0,0.0,0.0,1.0,0.0,0.0,1.0,1.0,0.0,0.0,0.0,0.0,1.0,0.0,0.0,0.0,0.0,0.0,1.0,0.0,3.0,0.0,0.0,0.0,0.0,1.0,0.0,0.0,1.0,0.0,4.0,1.0,0.0,1.0,0.0,0.0,1.0,1.0,1.0,1.0,5634.0,1.0,0.0,0.0,2.0
/home/aagnone/Banning_Mills/DSC_6505.xmp,0.0,1.0,0.0,0.0,2.0,1.0,1.0,1.0,43.0,0.0,0.0,1.0,1.0,0.0,1.0,1.0,0.0,-0.5,0.0,1.0,0.0,1.0,0.0,0.0,1.0,1.0,1.0,1.0,1.0,0.0,0.0,0.0,0.0,0.0,0.0,0.0,0.0,0.0,0.0,0.0,0.0,0.0,1.0,0.0,0.0,1.0,1.0,0.0,0.0,0.0,0.0,1.0,0.0,0.0,0.0,0.0,0.0,1.0,0.0,3.0,0.0,0.0,0.0,0.0,1.0,0.0,0.0,1.0,0.0,4.0,1.0,0.0,1.0,0.0,0.0,1.0,1.0,1.0,1.0,5459.0,1.0,0.0,0.0,2.0
/home/aagnone/Banning_Mills/DSC_6506.xmp,0.0,1.0,0.0,0.0,2.0,1.0,1.0,1.0,38.0,0.0,0.0,1.0,1.0,0.0,1.0,1.0,0.0,-0.47,0.0,1.0,0.0,1.0,0.0,0.0,1.0,1.0,1.0,1.0,1.0,0.0,0.0,0.0,0.0,0.0,0.0,0.0,0.0,0.0,0.0,0.0,0.0,0.0,1.0,0.0,0.0,1.0,1.0,0.0,0.0,0.0,0.0,1.0,0.0,0.0,0.0,0.0,0.0,1.0,0.0,3.0,0.0,0.0,0.0,0.0,1.0,0.0,0.0,1.0,0.0,4.0,1.0,0.0,1.0,0.0,0.0,1.0,1.0,1.0,1.0,5445.0,1.0,0.0,0.0,2.0
/home/aagnone/Banning_Mills/DSC_6507.xmp,0.0,1.0,0.0,0.0,2.0,1.0,1.0,1.0,47.0,0.0,0.0,1.0,1.0,0.0,1.0,1.0,0.0,-0.48,0.0,1.0,0.0,1.0,0.0,0.0,1.0,1.0,1.0,1.0,1.0,0.0,0.0,0.0,0.0,0.0,0.0,0.0,0.0,0.0,0.0,0.0,0.0,0.0,1.0,0.0,0.0,1.0,1.0,0.0,0.0,0.0,0.0,1.0,0.0,0.0,0.0,0.0,0.0,1.0,0.0,3.0,0.0,0.0,0.0,0.0,1.0,0.0,0.0,1.0,0.0,3.0,1.0,0.0,1.0,0.0,0.0,1.0,1.0,1.0,1.0,5441.0,1.0,0.0,0.0,2.0
/home/aagnone/Banning_Mills/DSC_6508.xmp,0.0,1.0,0.0,0.0,2.0,1.0,1.0,1.0,42.0,0.0,0.0,1.0,1.0,0.0,1.0,1.0,0.0,-0.69,0.0,1.0,0.0,1.0,0.0,0.0,1.0,1.0,1.0,1.0,1.0,0.0,0.0,0.0,0.0,0.0,0.0,0.0,0.0,0.0,0.0,0.0,0.0,0.0,1.0,0.0,0.0,1.0,1.0,0.0,0.0,0.0,0.0,1.0,0.0,0.0,0.0,0.0,0.0,1.0,0.0,3.0,0.0,0.0,0.0,0.0,1.0,0.0,0.0,1.0,0.0,4.0,1.0,0.0,1.0,0.0,0.0,1.0,1.0,1.0,1.0,5531.0,1.0,0.0,0.0,2.0
/home/aagnone/Banning_Mills/DSC_6509.xmp,0.0,1.0,0.0,0.0,2.0,1.0,1.0,1.0,44.0,0.0,0.0,1.0,1.0,0.0,1.0,1.0,0.0,-0.47,0.0,1.0,0.0,1.0,0.0,0.0,1.0,1.0,1.0,1.0,1.0,0.0,0.0,0.0,0.0,0.0,0.0,0.0,0.0,0.0,0.0,0.0,0.0,0.0,1.0,0.0,0.0,1.0,1.0,0.0,0.0,0.0,0.0,1.0,0.0,0.0,0.0,0.0,0.0,1.0,0.0,3.0,0.0,0.0,0.0,0.0,1.0,0.0,0.0,1.0,0.0,4.0,1.0,0.0,1.0,0.0,0.0,1.0,1.0,1.0,1.0,5984.0,1.0,0.0,0.0,2.0
/home/aagnone/Banning_Mills/DSC_6510.xmp,0.0,1.0,0.0,0.0,2.0,1.0,1.0,1.0,35.0,0.0,0.0,1.0,1.0,0.0,1.0,1.0,0.0,-0.29,0.0,1.0,0.0,1.0,0.0,0.0,1.0,1.0,1.0,1.0,1.0,0.0,0.0,0.0,0.0,0.0,0.0,0.0,0.0,0.0,0.0,0.0,0.0,0.0,1.0,0.0,0.0,1.0,1.0,0.0,0.0,0.0,0.0,1.0,0.0,0.0,0.0,0.0,0.0,1.0,0.0,3.0,0.0,0.0,0.0,0.0,1.0,0.0,0.0,1.0,0.0,4.0,1.0,0.0,1.0,0.0,0.0,1.0,1.0,1.0,1.0,5403.0,1.0,0.0,0.0,2.0
/home/aagnone/Banning_Mills/DSC_6511.xmp,0.0,1.0,0.0,0.0,2.0,1.0,1.0,1.0,46.0,0.0,0.0,1.0,1.0,0.0,1.0,1.0,0.0,-0.43,0.0,1.0,0.0,1.0,0.0,0.0,1.0,1.0,1.0,1.0,1.0,0.0,0.0,0.0,0.0,0.0,0.0,0.0,0.0,0.0,0.0,0.0,0.0,0.0,1.0,0.0,0.0,1.0,1.0,0.0,0.0,0.0,0.0,1.0,0.0,0.0,0.0,0.0,0.0,1.0,0.0,3.0,0.0,0.0,0.0,0.0,1.0,0.0,0.0,1.0,0.0,4.0,1.0,0.0,1.0,0.0,0.0,1.0,1.0,1.0,1.0,5663.0,1.0,0.0,0.0,2.0
/home/aagnone/Banning_Mills/DSC_6512.xmp,0.0,1.0,0.0,0.0,2.0,1.0,1.0,1.0,43.0,0.0,0.0,1.0,1.0,0.0,1.0,1.0,0.0,-0.39,0.0,1.0,0.0,1.0,0.0,0.0,1.0,1.0,1.0,1.0,1.0,0.0,0.0,0.0,0.0,0.0,0.0,0.0,0.0,0.0,0.0,0.0,0.0,0.0,1.0,0.0,0.0,1.0,1.0,0.0,0.0,0.0,0.0,1.0,0.0,0.0,0.0,0.0,0.0,1.0,0.0,3.0,0.0,0.0,0.0,0.0,1.0,0.0,0.0,1.0,0.0,4.0,1.0,0.0,1.0,0.0,0.0,1.0,1.0,1.0,1.0,5397.0,1.0,0.0,0.0,2.0
/home/aagnone/Banning_Mills/DSC_6513.xmp,0.0,1.0,0.0,0.0,2.0,1.0,1.0,1.0,39.0,0.0,0.0,1.0,1.0,0.0,1.0,1.0,0.0,-0.27,0.0,1.0,0.0,1.0,0.0,0.0,1.0,1.0,1.0,1.0,1.0,0.0,0.0,0.0,0.0,0.0,0.0,0.0,0.0,0.0,0.0,0.0,0.0,0.0,1.0,0.0,0.0,1.0,1.0,0.0,0.0,0.0,0.0,1.0,0.0,0.0,0.0,0.0,0.0,1.0,0.0,3.0,0.0,0.0,0.0,0.0,1.0,0.0,0.0,1.0,0.0,4.0,1.0,0.0,1.0,0.0,0.0,1.0,1.0,1.0,1.0,5337.0,1.0,0.0,0.0,2.0
/home/aagnone/Banning_Mills/DSC_6514.xmp,0.0,1.0,0.0,0.0,2.0,1.0,1.0,1.0,39.0,0.0,0.0,1.0,1.0,0.0,1.0,1.0,0.0,-0.27,0.0,1.0,0.0,1.0,0.0,0.0,1.0,1.0,1.0,1.0,1.0,0.0,0.0,0.0,0.0,0.0,0.0,0.0,0.0,0.0,0.0,0.0,0.0,0.0,1.0,0.0,0.0,1.0,1.0,0.0,0.0,0.0,0.0,1.0,0.0,0.0,0.0,0.0,0.0,1.0,0.0,3.0,0.0,0.0,0.0,0.0,1.0,0.0,0.0,1.0,0.0,4.0,1.0,0.0,1.0,0.0,0.0,1.0,1.0,1.0,1.0,5331.0,1.0,0.0,0.0,2.0
/home/aagnone/Banning_Mills/DSC_6515.xmp,0.0,1.0,0.0,0.0,2.0,1.0,1.0,1.0,38.0,0.0,0.0,1.0,1.0,0.0,1.0,1.0,0.0,0.2,0.0,1.0,0.0,1.0,0.0,0.0,1.0,1.0,1.0,1.0,1.0,0.0,0.0,0.0,0.0,0.0,0.0,0.0,0.0,0.0,0.0,0.0,0.0,0.0,1.0,0.0,0.0,1.0,1.0,0.0,0.0,0.0,0.0,1.0,0.0,0.0,0.0,0.0,0.0,1.0,0.0,3.0,0.0,0.0,0.0,0.0,1.0,0.0,0.0,1.0,0.0,4.0,1.0,0.0,1.0,0.0,0.0,1.0,1.0,1.0,1.0,5310.0,1.0,0.0,0.0,2.0
/home/aagnone/Banning_Mills/DSC_6517.xmp,0.0,1.0,0.0,0.0,2.0,1.0,1.0,1.0,47.0,0.0,0.0,1.0,1.0,0.0,1.0,1.0,0.0,0.29,0.0,1.0,0.0,1.0,0.0,0.0,1.0,1.0,1.0,1.0,1.0,0.0,0.0,0.0,0.0,0.0,0.0,0.0,0.0,0.0,0.0,0.0,0.0,0.0,1.0,0.0,0.0,1.0,1.0,0.0,0.0,0.0,0.0,1.0,0.0,0.0,0.0,0.0,0.0,1.0,0.0,3.0,0.0,0.0,0.0,0.0,1.0,0.0,0.0,1.0,0.0,4.0,1.0,0.0,1.0,0.0,0.0,1.0,1.0,1.0,1.0,4953.0,1.0,0.0,0.0,2.0
/home/aagnone/Banning_Mills/DSC_6518.xmp,0.0,1.0,0.0,0.0,2.0,1.0,1.0,1.0,42.0,0.0,0.0,1.0,1.0,0.0,1.0,1.0,0.0,0.07,0.0,1.0,0.0,1.0,0.0,0.0,1.0,1.0,1.0,1.0,1.0,0.0,0.0,0.0,0.0,0.0,0.0,0.0,0.0,0.0,0.0,0.0,0.0,0.0,1.0,0.0,0.0,1.0,1.0,0.0,0.0,0.0,0.0,1.0,0.0,0.0,0.0,0.0,0.0,1.0,0.0,3.0,0.0,0.0,0.0,0.0,1.0,0.0,0.0,1.0,0.0,4.0,1.0,0.0,1.0,0.0,0.0,1.0,1.0,1.0,1.0,5132.0,1.0,0.0,0.0,2.0
/home/aagnone/Banning_Mills/DSC_6519.xmp,0.0,1.0,0.0,0.0,2.0,1.0,1.0,1.0,48.0,0.0,0.0,1.0,1.0,0.0,1.0,1.0,0.0,-0.03,0.0,1.0,0.0,1.0,0.0,0.0,1.0,1.0,1.0,1.0,1.0,0.0,0.0,0.0,0.0,0.0,0.0,0.0,0.0,0.0,0.0,0.0,0.0,0.0,1.0,0.0,0.0,1.0,1.0,0.0,0.0,0.0,0.0,1.0,0.0,0.0,0.0,0.0,0.0,1.0,0.0,3.0,0.0,0.0,0.0,0.0,1.0,0.0,0.0,1.0,0.0,4.0,1.0,0.0,1.0,0.0,0.0,1.0,1.0,1.0,1.0,5102.0,1.0,0.0,0.0,2.0
/home/aagnone/Banning_Mills/DSC_6520.xmp,0.0,1.0,0.0,0.0,2.0,1.0,1.0,1.0,54.0,0.0,0.0,1.0,1.0,0.0,1.0,1.0,0.0,-0.11,0.0,1.0,0.0,1.0,0.0,0.0,1.0,1.0,1.0,1.0,1.0,0.0,0.0,0.0,0.0,0.0,0.0,0.0,0.0,0.0,0.0,0.0,0.0,0.0,1.0,0.0,0.0,1.0,1.0,0.0,0.0,0.0,0.0,1.0,0.0,0.0,0.0,0.0,0.0,1.0,0.0,3.0,0.0,0.0,0.0,0.0,1.0,0.0,0.0,1.0,0.0,4.0,1.0,0.0,1.0,0.0,0.0,1.0,1.0,1.0,1.0,5033.0,1.0,0.0,0.0,2.0
/home/aagnone/Banning_Mills/DSC_6521.xmp,0.0,1.0,0.0,0.0,2.0,1.0,1.0,1.0,34.0,0.0,0.0,1.0,1.0,0.0,1.0,1.0,0.0,-0.02,0.0,1.0,0.0,1.0,0.0,0.0,1.0,1.0,1.0,1.0,1.0,0.0,0.0,0.0,0.0,0.0,0.0,0.0,0.0,0.0,0.0,0.0,0.0,0.0,1.0,0.0,0.0,1.0,1.0,0.0,0.0,0.0,0.0,1.0,0.0,0.0,0.0,0.0,0.0,1.0,0.0,3.0,0.0,0.0,0.0,0.0,1.0,0.0,0.0,1.0,0.0,4.0,1.0,0.0,1.0,0.0,0.0,1.0,1.0,1.0,1.0,5221.0,1.0,0.0,0.0,2.0
/home/aagnone/Banning_Mills/DSC_6522.xmp,0.0,1.0,0.0,0.0,2.0,1.0,1.0,1.0,33.0,0.0,0.0,1.0,1.0,0.0,1.0,1.0,0.0,-0.31,0.0,1.0,0.0,1.0,0.0,0.0,1.0,1.0,1.0,1.0,1.0,0.0,0.0,0.0,0.0,0.0,0.0,0.0,0.0,0.0,0.0,0.0,0.0,0.0,1.0,0.0,0.0,1.0,1.0,0.0,0.0,0.0,0.0,1.0,0.0,0.0,0.0,0.0,0.0,1.0,0.0,3.0,0.0,0.0,0.0,0.0,1.0,0.0,0.0,1.0,0.0,4.0,1.0,0.0,1.0,0.0,0.0,1.0,1.0,1.0,1.0,5137.0,1.0,0.0,0.0,2.0
/home/aagnone/Banning_Mills/DSC_6523.xmp,0.0,1.0,0.0,0.0,2.0,1.0,1.0,1.0,33.0,0.0,0.0,1.0,1.0,0.0,1.0,1.0,0.0,0.01,0.0,1.0,0.0,1.0,0.0,0.0,1.0,1.0,1.0,1.0,1.0,0.0,0.0,0.0,0.0,0.0,0.0,0.0,0.0,0.0,0.0,0.0,0.0,0.0,1.0,0.0,0.0,1.0,1.0,0.0,0.0,0.0,0.0,1.0,0.0,0.0,0.0,0.0,0.0,1.0,0.0,3.0,0.0,0.0,0.0,0.0,1.0,0.0,0.0,1.0,0.0,4.0,1.0,0.0,1.0,0.0,0.0,1.0,1.0,1.0,1.0,5062.0,1.0,0.0,0.0,2.0
/home/aagnone/Banning_Mills/DSC_6524.xmp,0.0,1.0,0.0,0.0,2.0,1.0,1.0,1.0,38.0,0.0,0.0,1.0,1.0,0.0,1.0,1.0,0.0,-0.0,0.0,1.0,0.0,1.0,0.0,0.0,1.0,1.0,1.0,1.0,1.0,0.0,0.0,0.0,0.0,0.0,0.0,0.0,0.0,0.0,0.0,0.0,0.0,0.0,1.0,0.0,0.0,1.0,1.0,0.0,0.0,0.0,0.0,1.0,0.0,0.0,0.0,0.0,0.0,1.0,0.0,3.0,0.0,0.0,0.0,0.0,1.0,0.0,0.0,1.0,0.0,4.0,1.0,0.0,1.0,0.0,0.0,1.0,1.0,1.0,1.0,4878.0,1.0,0.0,0.0,2.0
/home/aagnone/Banning_Mills/DSC_6525.xmp,0.0,1.0,0.0,0.0,2.0,1.0,1.0,1.0,34.0,0.0,0.0,1.0,1.0,0.0,1.0,1.0,0.0,-0.02,0.0,1.0,0.0,1.0,0.0,0.0,1.0,1.0,1.0,1.0,1.0,0.0,0.0,0.0,0.0,0.0,0.0,0.0,0.0,0.0,0.0,0.0,0.0,0.0,1.0,0.0,0.0,1.0,1.0,0.0,0.0,0.0,0.0,1.0,0.0,0.0,0.0,0.0,0.0,1.0,0.0,3.0,0.0,0.0,0.0,0.0,1.0,0.0,0.0,1.0,0.0,4.0,1.0,0.0,1.0,0.0,0.0,1.0,1.0,1.0,1.0,4881.0,1.0,0.0,0.0,2.0
/home/aagnone/Banning_Mills/DSC_6528.xmp,0.0,1.0,0.0,0.0,2.0,1.0,1.0,1.0,39.0,0.0,0.0,1.0,1.0,0.0,1.0,1.0,0.0,0.1,0.0,1.0,0.0,1.0,0.0,0.0,1.0,1.0,1.0,1.0,1.0,0.0,0.0,0.0,0.0,0.0,0.0,0.0,0.0,0.0,0.0,0.0,0.0,0.0,1.0,0.0,0.0,1.0,1.0,0.0,0.0,0.0,0.0,1.0,0.0,0.0,0.0,0.0,0.0,1.0,0.0,3.0,0.0,0.0,0.0,0.0,1.0,0.0,0.0,1.0,0.0,4.0,1.0,0.0,1.0,0.0,0.0,1.0,1.0,1.0,1.0,5118.0,1.0,0.0,0.0,2.0
/home/aagnone/Banning_Mills/DSC_6529.xmp,0.0,1.0,0.0,0.0,2.0,1.0,1.0,1.0,41.0,0.0,0.0,1.0,1.0,0.0,1.0,1.0,0.0,0.16,0.0,1.0,0.0,1.0,0.0,0.0,1.0,1.0,1.0,1.0,1.0,0.0,0.0,0.0,0.0,0.0,0.0,0.0,0.0,0.0,0.0,0.0,0.0,0.0,1.0,0.0,0.0,1.0,1.0,0.0,0.0,0.0,0.0,1.0,0.0,0.0,0.0,0.0,0.0,1.0,0.0,3.0,0.0,0.0,0.0,0.0,1.0,0.0,0.0,1.0,0.0,4.0,1.0,0.0,1.0,0.0,0.0,1.0,1.0,1.0,1.0,5072.0,1.0,0.0,0.0,2.0
/home/aagnone/Banning_Mills/DSC_6530.xmp,0.0,1.0,0.0,0.0,2.0,1.0,1.0,1.0,39.0,0.0,0.0,1.0,1.0,0.0,1.0,1.0,0.0,0.37,0.0,1.0,0.0,1.0,0.0,0.0,1.0,1.0,1.0,1.0,1.0,0.0,0.0,0.0,0.0,0.0,0.0,0.0,0.0,0.0,0.0,0.0,0.0,0.0,1.0,0.0,0.0,1.0,1.0,0.0,0.0,0.0,0.0,1.0,0.0,0.0,0.0,0.0,0.0,1.0,0.0,3.0,0.0,0.0,0.0,0.0,1.0,0.0,0.0,1.0,0.0,4.0,1.0,0.0,1.0,0.0,0.0,1.0,1.0,1.0,1.0,4941.0,1.0,0.0,0.0,2.0
/home/aagnone/Banning_Mills/DSC_6531.xmp,0.0,1.0,0.0,0.0,2.0,1.0,1.0,1.0,27.0,0.0,0.0,1.0,1.0,0.0,1.0,1.0,0.0,0.27,0.0,1.0,0.0,1.0,0.0,0.0,1.0,1.0,1.0,1.0,1.0,0.0,0.0,0.0,0.0,0.0,0.0,0.0,0.0,0.0,0.0,0.0,0.0,0.0,1.0,0.0,0.0,1.0,1.0,0.0,0.0,0.0,0.0,1.0,0.0,0.0,0.0,0.0,0.0,1.0,0.0,3.0,0.0,0.0,0.0,0.0,1.0,0.0,0.0,1.0,0.0,4.0,1.0,0.0,1.0,0.0,0.0,1.0,1.0,1.0,1.0,5649.0,1.0,0.0,0.0,2.0
/home/aagnone/Banning_Mills/DSC_6532.xmp,0.0,1.0,0.0,0.0,2.0,1.0,1.0,1.0,30.0,0.0,0.0,1.0,1.0,0.0,1.0,1.0,0.0,0.13,0.0,1.0,0.0,1.0,0.0,0.0,1.0,1.0,1.0,1.0,1.0,0.0,0.0,0.0,0.0,0.0,0.0,0.0,0.0,0.0,0.0,0.0,0.0,0.0,1.0,0.0,0.0,1.0,1.0,0.0,0.0,0.0,0.0,1.0,0.0,0.0,0.0,0.0,0.0,1.0,0.0,3.0,0.0,0.0,0.0,0.0,1.0,0.0,0.0,1.0,0.0,4.0,1.0,0.0,1.0,0.0,0.0,1.0,1.0,1.0,1.0,4937.0,1.0,0.0,0.0,2.0
/home/aagnone/Banning_Mills/DSC_6534.xmp,0.0,1.0,0.0,0.0,2.0,1.0,1.0,1.0,32.0,0.0,0.0,1.0,1.0,0.0,1.0,1.0,0.0,0.27,0.0,1.0,0.0,1.0,0.0,0.0,1.0,1.0,1.0,1.0,1.0,0.0,0.0,0.0,0.0,0.0,0.0,0.0,0.0,0.0,0.0,0.0,0.0,0.0,1.0,0.0,0.0,1.0,1.0,0.0,0.0,0.0,0.0,1.0,0.0,0.0,0.0,0.0,0.0,1.0,0.0,3.0,0.0,0.0,0.0,0.0,1.0,0.0,0.0,1.0,0.0,4.0,1.0,0.0,1.0,0.0,0.0,1.0,1.0,1.0,1.0,5109.0,1.0,0.0,0.0,2.0
/home/aagnone/Banning_Mills/DSC_6535.xmp,0.0,1.0,0.0,0.0,2.0,1.0,1.0,1.0,37.0,0.0,0.0,1.0,1.0,0.0,1.0,1.0,0.0,0.0,0.0,1.0,0.0,1.0,0.0,0.0,1.0,1.0,1.0,1.0,1.0,0.0,0.0,0.0,0.0,0.0,0.0,0.0,0.0,0.0,0.0,0.0,0.0,0.0,1.0,0.0,0.0,1.0,1.0,0.0,0.0,0.0,0.0,1.0,0.0,0.0,0.0,0.0,0.0,1.0,0.0,3.0,0.0,0.0,0.0,0.0,1.0,0.0,0.0,1.0,0.0,4.0,1.0,0.0,1.0,0.0,0.0,1.0,1.0,1.0,1.0,5094.0,1.0,0.0,0.0,2.0
/home/aagnone/Banning_Mills/DSC_6536.xmp,0.0,1.0,0.0,0.0,2.0,1.0,1.0,1.0,38.0,0.0,0.0,1.0,1.0,0.0,1.0,1.0,0.0,-0.28,0.0,1.0,0.0,1.0,0.0,0.0,1.0,1.0,1.0,1.0,1.0,0.0,0.0,0.0,0.0,0.0,0.0,0.0,0.0,0.0,0.0,0.0,0.0,0.0,1.0,0.0,0.0,1.0,1.0,0.0,0.0,0.0,0.0,1.0,0.0,0.0,0.0,0.0,0.0,1.0,0.0,3.0,0.0,0.0,0.0,0.0,1.0,0.0,0.0,1.0,0.0,4.0,1.0,0.0,1.0,0.0,0.0,1.0,1.0,1.0,1.0,5113.0,1.0,0.0,0.0,2.0
/home/aagnone/Banning_Mills/DSC_6537.xmp,0.0,1.0,0.0,0.0,2.0,1.0,1.0,1.0,33.0,0.0,0.0,1.0,1.0,0.0,1.0,1.0,0.0,0.06,0.0,1.0,0.0,1.0,0.0,0.0,1.0,1.0,1.0,1.0,1.0,0.0,0.0,0.0,0.0,0.0,0.0,0.0,0.0,0.0,0.0,0.0,0.0,0.0,1.0,0.0,0.0,1.0,1.0,0.0,0.0,0.0,0.0,1.0,0.0,0.0,0.0,0.0,0.0,1.0,0.0,3.0,0.0,0.0,0.0,0.0,1.0,0.0,0.0,1.0,0.0,4.0,1.0,0.0,1.0,0.0,0.0,1.0,1.0,1.0,1.0,4998.0,1.0,0.0,0.0,2.0
/home/aagnone/Banning_Mills/DSC_6538.xmp,0.0,1.0,0.0,0.0,2.0,1.0,1.0,1.0,31.0,0.0,0.0,1.0,1.0,0.0,1.0,1.0,0.0,0.06,0.0,1.0,0.0,1.0,0.0,0.0,1.0,1.0,1.0,1.0,1.0,0.0,0.0,0.0,0.0,0.0,0.0,0.0,0.0,0.0,0.0,0.0,0.0,0.0,1.0,0.0,0.0,1.0,1.0,0.0,0.0,0.0,0.0,1.0,0.0,0.0,0.0,0.0,0.0,1.0,0.0,3.0,0.0,0.0,0.0,0.0,1.0,0.0,0.0,1.0,0.0,4.0,1.0,0.0,1.0,0.0,0.0,1.0,1.0,1.0,1.0,4886.0,1.0,0.0,0.0,2.0
/home/aagnone/Banning_Mills/DSC_6540.xmp,0.0,1.0,0.0,0.0,2.0,1.0,1.0,1.0,30.0,0.0,0.0,1.0,1.0,0.0,1.0,1.0,0.0,-0.13,0.0,1.0,0.0,1.0,0.0,0.0,1.0,1.0,1.0,1.0,1.0,0.0,0.0,0.0,0.0,0.0,0.0,0.0,0.0,0.0,0.0,0.0,0.0,0.0,1.0,0.0,0.0,1.0,1.0,0.0,0.0,0.0,0.0,1.0,0.0,0.0,0.0,0.0,0.0,1.0,0.0,3.0,0.0,0.0,0.0,0.0,1.0,0.0,0.0,1.0,0.0,4.0,1.0,0.0,1.0,0.0,0.0,1.0,1.0,1.0,1.0,4963.0,1.0,0.0,0.0,2.0
/home/aagnone/Banning_Mills/DSC_6542.xmp,0.0,1.0,0.0,0.0,2.0,1.0,1.0,1.0,40.0,0.0,0.0,1.0,1.0,0.0,1.0,1.0,0.0,-0.16,0.0,1.0,0.0,1.0,0.0,0.0,1.0,1.0,1.0,1.0,1.0,0.0,0.0,0.0,0.0,0.0,0.0,0.0,0.0,0.0,0.0,0.0,0.0,0.0,1.0,0.0,0.0,1.0,1.0,0.0,0.0,0.0,0.0,1.0,0.0,0.0,0.0,0.0,0.0,1.0,0.0,3.0,0.0,0.0,0.0,0.0,1.0,0.0,0.0,1.0,0.0,4.0,1.0,0.0,1.0,0.0,0.0,1.0,1.0,1.0,1.0,5018.0,1.0,0.0,0.0,2.0
/home/aagnone/Banning_Mills/DSC_6543.xmp,0.0,1.0,0.0,0.0,2.0,1.0,1.0,1.0,38.0,0.0,0.0,1.0,1.0,0.0,1.0,1.0,0.0,-0.15,0.0,1.0,0.0,1.0,0.0,0.0,1.0,1.0,1.0,1.0,1.0,0.0,0.0,0.0,0.0,0.0,0.0,0.0,0.0,0.0,0.0,0.0,0.0,0.0,1.0,0.0,0.0,1.0,1.0,0.0,0.0,0.0,0.0,1.0,0.0,0.0,0.0,0.0,0.0,1.0,0.0,3.0,0.0,0.0,0.0,0.0,1.0,0.0,0.0,1.0,0.0,4.0,1.0,0.0,1.0,0.0,0.0,1.0,1.0,1.0,1.0,5045.0,1.0,0.0,0.0,2.0
/home/aagnone/Banning_Mills/DSC_6544.xmp,0.0,1.0,0.0,0.0,2.0,1.0,1.0,1.0,32.0,0.0,0.0,1.0,1.0,0.0,1.0,1.0,0.0,0.2,0.0,1.0,0.0,1.0,0.0,0.0,1.0,1.0,1.0,1.0,1.0,0.0,0.0,0.0,0.0,0.0,0.0,0.0,0.0,0.0,0.0,0.0,0.0,0.0,1.0,0.0,0.0,1.0,1.0,0.0,0.0,0.0,0.0,1.0,0.0,0.0,0.0,0.0,0.0,1.0,0.0,3.0,0.0,0.0,0.0,0.0,1.0,0.0,0.0,1.0,0.0,4.0,1.0,0.0,1.0,0.0,0.0,1.0,1.0,1.0,1.0,4994.0,1.0,0.0,0.0,2.0
/home/aagnone/Banning_Mills/DSC_6545.xmp,0.0,1.0,0.0,0.0,2.0,1.0,1.0,1.0,33.0,0.0,0.0,1.0,1.0,0.0,1.0,1.0,0.0,0.35,0.0,1.0,0.0,1.0,0.0,0.0,1.0,1.0,1.0,1.0,1.0,0.0,0.0,0.0,0.0,0.0,0.0,0.0,0.0,0.0,0.0,0.0,0.0,0.0,1.0,0.0,0.0,1.0,1.0,0.0,0.0,0.0,0.0,1.0,0.0,0.0,0.0,0.0,0.0,1.0,0.0,3.0,0.0,0.0,0.0,0.0,1.0,0.0,0.0,1.0,0.0,4.0,1.0,0.0,1.0,0.0,0.0,1.0,1.0,1.0,1.0,4990.0,1.0,0.0,0.0,2.0
/home/aagnone/Banning_Mills/DSC_6546.xmp,0.0,1.0,0.0,0.0,2.0,1.0,1.0,1.0,25.0,0.0,0.0,1.0,1.0,0.0,1.0,1.0,0.0,0.35,0.0,1.0,0.0,1.0,0.0,0.0,1.0,1.0,1.0,1.0,1.0,0.0,0.0,0.0,0.0,0.0,0.0,0.0,0.0,0.0,0.0,0.0,0.0,0.0,1.0,0.0,0.0,1.0,1.0,0.0,0.0,0.0,0.0,1.0,0.0,0.0,0.0,0.0,0.0,1.0,0.0,3.0,0.0,0.0,0.0,0.0,1.0,0.0,0.0,1.0,0.0,4.0,1.0,0.0,1.0,0.0,0.0,1.0,1.0,1.0,1.0,4967.0,1.0,0.0,0.0,2.0
/home/aagnone/Banning_Mills/DSC_6547.xmp,0.0,1.0,0.0,0.0,2.0,1.0,1.0,1.0,32.0,0.0,0.0,1.0,1.0,0.0,1.0,1.0,0.0,0.46,0.0,1.0,0.0,1.0,0.0,0.0,1.0,1.0,1.0,1.0,1.0,0.0,0.0,0.0,0.0,0.0,0.0,0.0,0.0,0.0,0.0,0.0,0.0,0.0,1.0,0.0,0.0,1.0,1.0,0.0,0.0,0.0,0.0,1.0,0.0,0.0,0.0,0.0,0.0,1.0,0.0,3.0,0.0,0.0,0.0,0.0,1.0,0.0,0.0,1.0,0.0,4.0,1.0,0.0,1.0,0.0,0.0,1.0,1.0,1.0,1.0,5033.0,1.0,0.0,0.0,2.0
/home/aagnone/Banning_Mills/DSC_6548.xmp,0.0,1.0,0.0,0.0,2.0,1.0,1.0,1.0,35.0,0.0,0.0,1.0,1.0,0.0,1.0,1.0,0.0,0.17,0.0,1.0,0.0,1.0,0.0,0.0,1.0,1.0,1.0,1.0,1.0,0.0,0.0,0.0,0.0,0.0,0.0,0.0,0.0,0.0,0.0,0.0,0.0,0.0,1.0,0.0,0.0,1.0,1.0,0.0,0.0,0.0,0.0,1.0,0.0,0.0,0.0,0.0,0.0,1.0,0.0,3.0,0.0,0.0,0.0,0.0,1.0,0.0,0.0,1.0,0.0,4.0,1.0,0.0,1.0,0.0,0.0,1.0,1.0,1.0,1.0,5070.0,1.0,0.0,0.0,2.0
/home/aagnone/Banning_Mills/DSC_6549.xmp,0.0,1.0,0.0,0.0,2.0,1.0,1.0,1.0,35.0,0.0,0.0,1.0,1.0,0.0,1.0,1.0,0.0,0.29,0.0,1.0,0.0,1.0,0.0,0.0,1.0,1.0,1.0,1.0,1.0,0.0,0.0,0.0,0.0,0.0,0.0,0.0,0.0,0.0,0.0,0.0,0.0,0.0,1.0,0.0,0.0,1.0,1.0,0.0,0.0,0.0,0.0,1.0,0.0,0.0,0.0,0.0,0.0,1.0,0.0,3.0,0.0,0.0,0.0,0.0,1.0,0.0,0.0,1.0,0.0,4.0,1.0,0.0,1.0,0.0,0.0,1.0,1.0,1.0,1.0,5008.0,1.0,0.0,0.0,2.0
/home/aagnone/Banning_Mills/DSC_6551.xmp,0.0,1.0,0.0,0.0,2.0,1.0,1.0,1.0,32.0,0.0,0.0,1.0,1.0,0.0,1.0,1.0,0.0,0.19,0.0,1.0,0.0,1.0,0.0,0.0,1.0,1.0,1.0,1.0,1.0,0.0,0.0,0.0,0.0,0.0,0.0,0.0,0.0,0.0,0.0,0.0,0.0,0.0,1.0,0.0,0.0,1.0,1.0,0.0,0.0,0.0,0.0,1.0,0.0,0.0,0.0,0.0,0.0,1.0,0.0,3.0,0.0,0.0,0.0,0.0,1.0,0.0,1.0,1.0,0.0,4.0,1.0,0.0,1.0,0.0,0.0,1.0,1.0,1.0,1.0,5146.0,1.0,0.0,0.0,2.0
/home/aagnone/Banning_Mills/DSC_6552.xmp,0.0,1.0,0.0,0.0,2.0,1.0,1.0,1.0,35.0,0.0,0.0,1.0,1.0,0.0,1.0,1.0,0.0,0.16,0.0,1.0,0.0,1.0,0.0,0.0,1.0,1.0,1.0,1.0,1.0,0.0,0.0,0.0,0.0,0.0,0.0,0.0,0.0,0.0,0.0,0.0,0.0,0.0,1.0,0.0,0.0,1.0,1.0,0.0,0.0,0.0,0.0,1.0,0.0,0.0,0.0,0.0,0.0,1.0,0.0,3.0,0.0,0.0,0.0,0.0,1.0,0.0,1.0,1.0,0.0,4.0,1.0,0.0,1.0,0.0,0.0,1.0,1.0,1.0,1.0,4960.0,1.0,0.0,0.0,2.0
/home/aagnone/Banning_Mills/DSC_6553.xmp,0.0,1.0,0.0,0.0,2.0,1.0,1.0,1.0,33.0,0.0,0.0,1.0,1.0,0.0,1.0,1.0,0.0,-0.18,0.0,1.0,0.0,1.0,0.0,0.0,1.0,1.0,1.0,1.0,1.0,0.0,0.0,0.0,0.0,0.0,0.0,0.0,0.0,0.0,0.0,0.0,0.0,0.0,1.0,0.0,0.0,1.0,1.0,0.0,0.0,0.0,0.0,1.0,0.0,0.0,0.0,0.0,0.0,1.0,0.0,3.0,0.0,0.0,0.0,0.0,1.0,0.0,1.0,1.0,0.0,4.0,1.0,0.0,1.0,0.0,0.0,1.0,1.0,1.0,1.0,5287.0,1.0,0.0,0.0,2.0
/home/aagnone/Banning_Mills/DSC_6554.xmp,0.0,1.0,0.0,0.0,2.0,1.0,1.0,1.0,28.0,0.0,0.0,1.0,1.0,0.0,1.0,1.0,0.0,0.45,0.0,1.0,0.0,1.0,0.0,0.0,1.0,1.0,1.0,1.0,1.0,0.0,0.0,0.0,0.0,0.0,0.0,0.0,0.0,0.0,0.0,0.0,0.0,0.0,1.0,0.0,0.0,1.0,1.0,0.0,0.0,0.0,0.0,1.0,0.0,0.0,0.0,0.0,0.0,1.0,0.0,3.0,0.0,0.0,0.0,0.0,1.0,0.0,1.0,1.0,0.0,4.0,1.0,0.0,1.0,0.0,0.0,1.0,1.0,1.0,1.0,4964.0,1.0,0.0,0.0,2.0
/home/aagnone/Banning_Mills/DSC_6555.xmp,0.0,1.0,0.0,0.0,2.0,1.0,1.0,1.0,33.0,0.0,0.0,1.0,1.0,0.0,1.0,1.0,0.0,0.09,0.0,1.0,0.0,1.0,0.0,0.0,1.0,1.0,1.0,1.0,1.0,0.0,0.0,0.0,0.0,0.0,0.0,0.0,0.0,0.0,0.0,0.0,0.0,0.0,1.0,0.0,0.0,1.0,1.0,0.0,0.0,0.0,0.0,1.0,0.0,0.0,0.0,0.0,0.0,1.0,0.0,3.0,0.0,0.0,0.0,0.0,1.0,0.0,1.0,1.0,0.0,4.0,1.0,0.0,1.0,0.0,0.0,1.0,1.0,1.0,1.0,4856.0,1.0,0.0,0.0,2.0
/home/aagnone/Banning_Mills/DSC_6556.xmp,0.0,1.0,0.0,0.0,2.0,1.0,1.0,1.0,29.0,0.0,0.0,1.0,1.0,0.0,1.0,1.0,0.0,-0.06,0.0,1.0,0.0,1.0,0.0,0.0,1.0,1.0,1.0,1.0,1.0,0.0,0.0,0.0,0.0,0.0,0.0,0.0,0.0,0.0,0.0,0.0,0.0,0.0,1.0,0.0,0.0,1.0,1.0,0.0,0.0,0.0,0.0,1.0,0.0,0.0,0.0,0.0,0.0,1.0,0.0,3.0,0.0,0.0,0.0,0.0,1.0,0.0,1.0,1.0,0.0,4.0,1.0,0.0,1.0,0.0,0.0,1.0,1.0,1.0,1.0,5176.0,1.0,0.0,0.0,2.0
/home/aagnone/Banning_Mills/DSC_6558.xmp,0.0,1.0,0.0,0.0,2.0,1.0,1.0,1.0,39.0,0.0,0.0,1.0,1.0,0.0,1.0,1.0,0.0,-0.07,0.0,1.0,0.0,1.0,0.0,0.0,1.0,1.0,1.0,1.0,1.0,0.0,0.0,0.0,0.0,0.0,0.0,0.0,0.0,0.0,0.0,0.0,0.0,0.0,1.0,0.0,0.0,1.0,1.0,0.0,0.0,0.0,0.0,1.0,0.0,0.0,0.0,0.0,0.0,1.0,0.0,3.0,0.0,0.0,0.0,0.0,1.0,0.0,1.0,1.0,0.0,4.0,1.0,0.0,1.0,0.0,0.0,1.0,1.0,1.0,1.0,4883.0,1.0,0.0,0.0,2.0
/home/aagnone/Banning_Mills/DSC_6559.xmp,0.0,1.0,0.0,0.0,2.0,1.0,1.0,1.0,37.0,0.0,0.0,1.0,1.0,0.0,1.0,1.0,0.0,-0.09,0.0,1.0,0.0,1.0,0.0,0.0,1.0,1.0,1.0,1.0,1.0,0.0,0.0,0.0,0.0,0.0,0.0,0.0,0.0,0.0,0.0,0.0,0.0,0.0,1.0,0.0,0.0,1.0,1.0,0.0,0.0,0.0,0.0,1.0,0.0,0.0,0.0,0.0,0.0,1.0,0.0,3.0,0.0,0.0,0.0,0.0,1.0,0.0,1.0,1.0,0.0,4.0,1.0,0.0,1.0,0.0,0.0,1.0,1.0,1.0,1.0,4998.0,1.0,0.0,0.0,2.0
/home/aagnone/Banning_Mills/DSC_6560.xmp,0.0,1.0,0.0,0.0,2.0,1.0,1.0,1.0,37.0,0.0,0.0,1.0,1.0,0.0,1.0,1.0,0.0,0.2,0.0,1.0,0.0,1.0,0.0,0.0,1.0,1.0,1.0,1.0,1.0,0.0,0.0,0.0,0.0,0.0,0.0,0.0,0.0,0.0,0.0,0.0,0.0,0.0,1.0,0.0,0.0,1.0,1.0,0.0,0.0,0.0,0.0,1.0,0.0,0.0,0.0,0.0,0.0,1.0,0.0,3.0,0.0,0.0,0.0,0.0,1.0,0.0,1.0,1.0,0.0,4.0,1.0,0.0,1.0,0.0,0.0,1.0,1.0,1.0,1.0,5307.0,1.0,0.0,0.0,2.0
/home/aagnone/Banning_Mills/DSC_6564.xmp,0.0,1.0,0.0,0.0,2.0,1.0,1.0,1.0,36.0,0.0,0.0,1.0,1.0,0.0,1.0,1.0,0.0,0.16,0.0,1.0,0.0,1.0,0.0,0.0,1.0,1.0,1.0,1.0,1.0,0.0,0.0,0.0,0.0,0.0,0.0,0.0,0.0,0.0,0.0,0.0,0.0,0.0,1.0,0.0,0.0,1.0,1.0,0.0,0.0,0.0,0.0,1.0,0.0,0.0,0.0,0.0,0.0,1.0,0.0,3.0,0.0,0.0,0.0,0.0,1.0,0.0,1.0,1.0,0.0,4.0,1.0,0.0,1.0,0.0,0.0,1.0,1.0,1.0,1.0,5093.0,1.0,0.0,0.0,2.0
/home/aagnone/Banning_Mills/DSC_6565.xmp,0.0,1.0,0.0,0.0,2.0,1.0,1.0,1.0,35.0,0.0,0.0,1.0,1.0,0.0,1.0,1.0,0.0,0.09,0.0,1.0,0.0,1.0,0.0,0.0,1.0,1.0,1.0,1.0,1.0,0.0,0.0,0.0,0.0,0.0,0.0,0.0,0.0,0.0,0.0,0.0,0.0,0.0,1.0,0.0,0.0,1.0,1.0,0.0,0.0,0.0,0.0,1.0,0.0,0.0,0.0,0.0,0.0,1.0,0.0,3.0,0.0,0.0,0.0,0.0,1.0,0.0,1.0,1.0,0.0,4.0,1.0,0.0,1.0,0.0,0.0,1.0,1.0,1.0,1.0,5017.0,1.0,0.0,0.0,2.0
/home/aagnone/Banning_Mills/DSC_6566.xmp,0.0,1.0,0.0,0.0,2.0,1.0,1.0,1.0,29.0,0.0,0.0,1.0,1.0,0.0,1.0,1.0,0.0,0.5,0.0,1.0,0.0,1.0,0.0,0.0,1.0,1.0,1.0,1.0,1.0,0.0,0.0,0.0,0.0,0.0,0.0,0.0,0.0,0.0,0.0,0.0,0.0,0.0,1.0,0.0,0.0,1.0,1.0,0.0,0.0,0.0,0.0,1.0,0.0,0.0,0.0,0.0,0.0,1.0,0.0,3.0,0.0,0.0,0.0,0.0,1.0,0.0,1.0,1.0,0.0,4.0,1.0,0.0,1.0,0.0,0.0,1.0,1.0,1.0,1.0,4754.0,1.0,0.0,0.0,2.0
/home/aagnone/Banning_Mills/DSC_6567.xmp,0.0,1.0,0.0,0.0,2.0,1.0,1.0,1.0,34.0,0.0,0.0,1.0,1.0,0.0,1.0,1.0,0.0,0.37,0.0,1.0,0.0,1.0,0.0,0.0,1.0,1.0,1.0,1.0,1.0,0.0,0.0,0.0,0.0,0.0,0.0,0.0,0.0,0.0,0.0,0.0,0.0,0.0,1.0,0.0,0.0,1.0,1.0,0.0,0.0,0.0,0.0,1.0,0.0,0.0,0.0,0.0,0.0,1.0,0.0,3.0,0.0,0.0,0.0,0.0,1.0,0.0,1.0,1.0,0.0,4.0,1.0,0.0,1.0,0.0,0.0,1.0,1.0,1.0,1.0,4728.0,1.0,0.0,0.0,2.0
/home/aagnone/Banning_Mills/DSC_6568.xmp,0.0,1.0,0.0,0.0,2.0,1.0,1.0,1.0,32.0,0.0,0.0,1.0,1.0,0.0,1.0,1.0,0.0,0.49,0.0,1.0,0.0,1.0,0.0,0.0,1.0,1.0,1.0,1.0,1.0,0.0,0.0,0.0,0.0,0.0,0.0,0.0,0.0,0.0,0.0,0.0,0.0,0.0,1.0,0.0,0.0,1.0,1.0,0.0,0.0,0.0,0.0,1.0,0.0,0.0,0.0,0.0,0.0,1.0,0.0,3.0,0.0,0.0,0.0,0.0,1.0,0.0,1.0,1.0,0.0,4.0,1.0,0.0,1.0,0.0,0.0,1.0,1.0,1.0,1.0,4924.0,1.0,0.0,0.0,2.0
/home/aagnone/Banning_Mills/DSC_6569.xmp,0.0,1.0,0.0,0.0,2.0,1.0,1.0,1.0,31.0,0.0,0.0,1.0,1.0,0.0,1.0,1.0,0.0,0.24,0.0,1.0,0.0,1.0,0.0,0.0,1.0,1.0,1.0,1.0,1.0,0.0,0.0,0.0,0.0,0.0,0.0,0.0,0.0,0.0,0.0,0.0,0.0,0.0,1.0,0.0,0.0,1.0,1.0,0.0,0.0,0.0,0.0,1.0,0.0,0.0,0.0,0.0,0.0,1.0,0.0,3.0,0.0,0.0,0.0,0.0,1.0,0.0,1.0,1.0,0.0,4.0,1.0,0.0,1.0,0.0,0.0,1.0,1.0,1.0,1.0,4874.0,1.0,0.0,0.0,2.0
/home/aagnone/Banning_Mills/DSC_6570.xmp,0.0,1.0,0.0,0.0,2.0,1.0,1.0,1.0,40.0,0.0,0.0,1.0,1.0,0.0,1.0,1.0,0.0,0.14,0.0,1.0,0.0,1.0,0.0,0.0,1.0,1.0,1.0,1.0,1.0,0.0,0.0,0.0,0.0,0.0,0.0,0.0,0.0,0.0,0.0,0.0,0.0,0.0,1.0,0.0,0.0,1.0,1.0,0.0,0.0,0.0,0.0,1.0,0.0,0.0,0.0,0.0,0.0,1.0,0.0,3.0,0.0,0.0,0.0,0.0,1.0,0.0,1.0,1.0,0.0,4.0,1.0,0.0,1.0,0.0,0.0,1.0,1.0,1.0,1.0,4858.0,1.0,0.0,0.0,2.0
/home/aagnone/Banning_Mills/DSC_6571.xmp,0.0,1.0,0.0,0.0,2.0,1.0,1.0,1.0,38.0,0.0,0.0,1.0,1.0,0.0,1.0,1.0,0.0,0.05,0.0,1.0,0.0,1.0,0.0,0.0,1.0,1.0,1.0,1.0,1.0,0.0,0.0,0.0,0.0,0.0,0.0,0.0,0.0,0.0,0.0,0.0,0.0,0.0,1.0,0.0,0.0,1.0,1.0,0.0,0.0,0.0,0.0,1.0,0.0,0.0,0.0,0.0,0.0,1.0,0.0,3.0,0.0,0.0,0.0,0.0,1.0,0.0,1.0,1.0,0.0,4.0,1.0,0.0,1.0,0.0,0.0,1.0,1.0,1.0,1.0,5013.0,1.0,0.0,0.0,2.0
/home/aagnone/Banning_Mills/DSC_6572.xmp,0.0,1.0,0.0,0.0,2.0,1.0,1.0,1.0,39.0,0.0,0.0,1.0,1.0,0.0,1.0,1.0,0.0,-0.02,0.0,1.0,0.0,1.0,0.0,0.0,1.0,1.0,1.0,1.0,1.0,0.0,0.0,0.0,0.0,0.0,0.0,0.0,0.0,0.0,0.0,0.0,0.0,0.0,1.0,0.0,0.0,1.0,1.0,0.0,0.0,0.0,0.0,1.0,0.0,0.0,0.0,0.0,0.0,1.0,0.0,3.0,0.0,0.0,0.0,0.0,1.0,0.0,1.0,1.0,0.0,4.0,1.0,0.0,1.0,0.0,0.0,1.0,1.0,1.0,1.0,5402.0,1.0,0.0,0.0,2.0
/home/aagnone/Banning_Mills/DSC_6573.xmp,0.0,1.0,0.0,0.0,2.0,1.0,1.0,1.0,38.0,0.0,0.0,1.0,1.0,0.0,1.0,1.0,0.0,-0.05,0.0,1.0,0.0,1.0,0.0,0.0,1.0,1.0,1.0,1.0,1.0,0.0,0.0,0.0,0.0,0.0,0.0,0.0,0.0,0.0,0.0,0.0,0.0,0.0,1.0,0.0,0.0,1.0,1.0,0.0,0.0,0.0,0.0,1.0,0.0,0.0,0.0,0.0,0.0,1.0,0.0,3.0,0.0,0.0,0.0,0.0,1.0,0.0,1.0,1.0,0.0,4.0,1.0,0.0,1.0,0.0,0.0,1.0,1.0,1.0,1.0,4910.0,1.0,0.0,0.0,2.0
/home/aagnone/Banning_Mills/DSC_6574.xmp,0.0,1.0,0.0,0.0,2.0,1.0,1.0,1.0,31.0,0.0,0.0,1.0,1.0,0.0,1.0,1.0,0.0,0.11,0.0,1.0,0.0,1.0,0.0,0.0,1.0,1.0,1.0,1.0,1.0,0.0,0.0,0.0,0.0,0.0,0.0,0.0,0.0,0.0,0.0,0.0,0.0,0.0,1.0,0.0,0.0,1.0,1.0,0.0,0.0,0.0,0.0,1.0,0.0,0.0,0.0,0.0,0.0,1.0,0.0,3.0,0.0,0.0,0.0,0.0,1.0,0.0,1.0,1.0,0.0,4.0,1.0,0.0,1.0,0.0,0.0,1.0,1.0,1.0,1.0,4904.0,1.0,0.0,0.0,2.0
/home/aagnone/Banning_Mills/DSC_6575.xmp,0.0,1.0,0.0,0.0,2.0,1.0,1.0,1.0,29.0,0.0,0.0,1.0,1.0,0.0,1.0,1.0,0.0,-0.1,0.0,1.0,0.0,1.0,0.0,0.0,1.0,1.0,1.0,1.0,1.0,0.0,0.0,0.0,0.0,0.0,0.0,0.0,0.0,0.0,0.0,0.0,0.0,0.0,1.0,0.0,0.0,1.0,1.0,0.0,0.0,0.0,0.0,1.0,0.0,0.0,0.0,0.0,0.0,1.0,0.0,3.0,0.0,0.0,0.0,0.0,1.0,0.0,1.0,1.0,0.0,4.0,1.0,0.0,1.0,0.0,0.0,1.0,1.0,1.0,1.0,5140.0,1.0,0.0,0.0,2.0
/home/aagnone/Banning_Mills/DSC_6576.xmp,0.0,1.0,0.0,0.0,2.0,1.0,1.0,1.0,37.0,0.0,0.0,1.0,1.0,0.0,1.0,1.0,0.0,-0.06,0.0,1.0,0.0,1.0,0.0,0.0,1.0,1.0,1.0,1.0,1.0,0.0,0.0,0.0,0.0,0.0,0.0,0.0,0.0,0.0,0.0,0.0,0.0,0.0,1.0,0.0,0.0,1.0,1.0,0.0,0.0,0.0,0.0,1.0,0.0,0.0,0.0,0.0,0.0,1.0,0.0,3.0,0.0,0.0,0.0,0.0,1.0,0.0,1.0,1.0,0.0,4.0,1.0,0.0,1.0,0.0,0.0,1.0,1.0,1.0,1.0,5229.0,1.0,0.0,0.0,2.0
/home/aagnone/Banning_Mills/DSC_6577.xmp,0.0,1.0,0.0,0.0,2.0,1.0,1.0,1.0,32.0,0.0,0.0,1.0,1.0,0.0,1.0,1.0,0.0,-0.24,0.0,1.0,0.0,1.0,0.0,0.0,1.0,1.0,1.0,1.0,1.0,0.0,0.0,0.0,0.0,0.0,0.0,0.0,0.0,0.0,0.0,0.0,0.0,0.0,1.0,0.0,0.0,1.0,1.0,0.0,0.0,0.0,0.0,1.0,0.0,0.0,0.0,0.0,0.0,1.0,0.0,3.0,0.0,0.0,0.0,0.0,1.0,0.0,1.0,1.0,0.0,4.0,1.0,0.0,1.0,0.0,0.0,1.0,1.0,1.0,1.0,4972.0,1.0,0.0,0.0,2.0
/home/aagnone/Banning_Mills/DSC_6578.xmp,0.0,1.0,0.0,0.0,2.0,1.0,1.0,1.0,43.0,0.0,0.0,1.0,1.0,0.0,1.0,1.0,0.0,0.13,0.0,1.0,0.0,1.0,0.0,0.0,1.0,1.0,1.0,1.0,1.0,0.0,0.0,0.0,0.0,0.0,0.0,0.0,0.0,0.0,0.0,0.0,0.0,0.0,1.0,0.0,0.0,1.0,1.0,0.0,0.0,0.0,0.0,1.0,0.0,0.0,0.0,0.0,0.0,1.0,0.0,3.0,0.0,0.0,0.0,0.0,1.0,0.0,1.0,1.0,0.0,4.0,1.0,0.0,1.0,0.0,0.0,1.0,1.0,1.0,1.0,5014.0,1.0,0.0,0.0,2.0
/home/aagnone/Banning_Mills/DSC_6579.xmp,0.0,1.0,0.0,0.0,2.0,1.0,1.0,1.0,37.0,0.0,0.0,1.0,1.0,0.0,1.0,1.0,0.0,0.2,0.0,1.0,0.0,1.0,0.0,0.0,1.0,1.0,1.0,1.0,1.0,0.0,0.0,0.0,0.0,0.0,0.0,0.0,0.0,0.0,0.0,0.0,0.0,0.0,1.0,0.0,0.0,1.0,1.0,0.0,0.0,0.0,0.0,1.0,0.0,0.0,0.0,0.0,0.0,1.0,0.0,3.0,0.0,0.0,0.0,0.0,1.0,0.0,1.0,1.0,0.0,4.0,1.0,0.0,1.0,0.0,0.0,1.0,1.0,1.0,1.0,5077.0,1.0,0.0,0.0,2.0
/home/aagnone/Banning_Mills/DSC_6580.xmp,0.0,1.0,0.0,0.0,2.0,1.0,1.0,1.0,36.0,0.0,0.0,1.0,1.0,0.0,1.0,1.0,0.0,0.26,0.0,1.0,0.0,1.0,0.0,0.0,1.0,1.0,1.0,1.0,1.0,0.0,0.0,0.0,0.0,0.0,0.0,0.0,0.0,0.0,0.0,0.0,0.0,0.0,1.0,0.0,0.0,1.0,1.0,0.0,0.0,0.0,0.0,1.0,0.0,0.0,0.0,0.0,0.0,1.0,0.0,3.0,0.0,0.0,0.0,0.0,1.0,0.0,1.0,1.0,0.0,4.0,1.0,0.0,1.0,0.0,0.0,1.0,1.0,1.0,1.0,4879.0,1.0,0.0,0.0,2.0
/home/aagnone/Banning_Mills/DSC_6581.xmp,0.0,1.0,0.0,0.0,2.0,1.0,1.0,1.0,37.0,0.0,0.0,1.0,1.0,0.0,1.0,1.0,0.0,0.28,0.0,1.0,0.0,1.0,0.0,0.0,1.0,1.0,1.0,1.0,1.0,0.0,0.0,0.0,0.0,0.0,0.0,0.0,0.0,0.0,0.0,0.0,0.0,0.0,1.0,0.0,0.0,1.0,1.0,0.0,0.0,0.0,0.0,1.0,0.0,0.0,0.0,0.0,0.0,1.0,0.0,3.0,0.0,0.0,0.0,0.0,1.0,0.0,1.0,1.0,0.0,4.0,1.0,0.0,1.0,0.0,0.0,1.0,1.0,1.0,1.0,4929.0,1.0,0.0,0.0,2.0
/home/aagnone/Banning_Mills/DSC_6582.xmp,0.0,1.0,0.0,0.0,2.0,1.0,1.0,1.0,34.0,0.0,0.0,1.0,1.0,0.0,1.0,1.0,0.0,-0.08,0.0,1.0,0.0,1.0,0.0,0.0,1.0,1.0,1.0,1.0,1.0,0.0,0.0,0.0,0.0,0.0,0.0,0.0,0.0,0.0,0.0,0.0,0.0,0.0,1.0,0.0,0.0,1.0,1.0,0.0,0.0,0.0,0.0,1.0,0.0,0.0,0.0,0.0,0.0,1.0,0.0,3.0,0.0,0.0,0.0,0.0,1.0,0.0,1.0,1.0,0.0,4.0,1.0,0.0,1.0,0.0,0.0,1.0,1.0,1.0,1.0,4760.0,1.0,0.0,0.0,2.0
/home/aagnone/Banning_Mills/DSC_6584.xmp,0.0,1.0,0.0,0.0,2.0,1.0,1.0,1.0,41.0,0.0,0.0,1.0,1.0,0.0,1.0,1.0,0.0,-0.25,0.0,1.0,0.0,1.0,0.0,0.0,1.0,1.0,1.0,1.0,1.0,0.0,0.0,0.0,0.0,0.0,0.0,0.0,0.0,0.0,0.0,0.0,0.0,0.0,1.0,0.0,0.0,1.0,1.0,0.0,0.0,0.0,0.0,1.0,0.0,0.0,0.0,0.0,0.0,1.0,0.0,3.0,0.0,0.0,0.0,0.0,1.0,0.0,1.0,1.0,0.0,4.0,1.0,0.0,1.0,0.0,0.0,1.0,1.0,1.0,1.0,4820.0,1.0,0.0,0.0,2.0
/home/aagnone/Banning_Mills/DSC_6586.xmp,0.0,1.0,0.0,0.0,2.0,1.0,1.0,1.0,42.0,0.0,0.0,1.0,1.0,0.0,1.0,1.0,0.0,-0.04,0.0,1.0,0.0,1.0,0.0,0.0,1.0,1.0,1.0,1.0,1.0,0.0,0.0,0.0,0.0,0.0,0.0,0.0,0.0,0.0,0.0,0.0,0.0,0.0,1.0,0.0,0.0,1.0,1.0,0.0,0.0,0.0,0.0,1.0,0.0,0.0,0.0,0.0,0.0,1.0,0.0,3.0,0.0,0.0,0.0,0.0,1.0,0.0,1.0,1.0,0.0,4.0,1.0,0.0,1.0,0.0,0.0,1.0,1.0,1.0,1.0,4856.0,1.0,0.0,0.0,2.0
/home/aagnone/Banning_Mills/DSC_6587.xmp,0.0,1.0,0.0,0.0,2.0,1.0,1.0,1.0,41.0,0.0,0.0,1.0,1.0,0.0,1.0,1.0,0.0,-0.17,0.0,1.0,0.0,1.0,0.0,0.0,1.0,1.0,1.0,1.0,1.0,0.0,0.0,0.0,0.0,0.0,0.0,0.0,0.0,0.0,0.0,0.0,0.0,0.0,1.0,0.0,0.0,1.0,1.0,0.0,0.0,0.0,0.0,1.0,0.0,0.0,0.0,0.0,0.0,1.0,0.0,3.0,0.0,0.0,0.0,0.0,1.0,0.0,1.0,1.0,0.0,4.0,1.0,0.0,1.0,0.0,0.0,1.0,1.0,1.0,1.0,4980.0,1.0,0.0,0.0,2.0
/home/aagnone/Banning_Mills/DSC_6588.xmp,0.0,1.0,0.0,0.0,2.0,1.0,1.0,1.0,30.0,0.0,0.0,1.0,1.0,0.0,1.0,1.0,0.0,-0.15,0.0,1.0,0.0,1.0,0.0,0.0,1.0,1.0,1.0,1.0,1.0,0.0,0.0,0.0,0.0,0.0,0.0,0.0,0.0,0.0,0.0,0.0,0.0,0.0,1.0,0.0,0.0,1.0,1.0,0.0,0.0,0.0,0.0,1.0,0.0,0.0,0.0,0.0,0.0,1.0,0.0,3.0,0.0,0.0,0.0,0.0,1.0,0.0,1.0,1.0,0.0,4.0,1.0,0.0,1.0,0.0,0.0,1.0,1.0,1.0,1.0,4947.0,1.0,0.0,0.0,2.0
/home/aagnone/Banning_Mills/DSC_6589.xmp,0.0,1.0,0.0,0.0,2.0,1.0,1.0,1.0,39.0,0.0,0.0,1.0,1.0,0.0,1.0,1.0,0.0,0.24,0.0,1.0,0.0,1.0,0.0,0.0,1.0,1.0,1.0,1.0,1.0,0.0,0.0,0.0,0.0,0.0,0.0,0.0,0.0,0.0,0.0,0.0,0.0,0.0,1.0,0.0,0.0,1.0,1.0,0.0,0.0,0.0,0.0,1.0,0.0,0.0,0.0,0.0,0.0,1.0,0.0,3.0,0.0,0.0,0.0,0.0,1.0,0.0,1.0,1.0,0.0,4.0,1.0,0.0,1.0,0.0,0.0,1.0,1.0,1.0,1.0,4924.0,1.0,0.0,0.0,2.0
/home/aagnone/Banning_Mills/DSC_6590.xmp,0.0,1.0,0.0,0.0,2.0,1.0,1.0,1.0,43.0,0.0,0.0,1.0,1.0,0.0,1.0,1.0,0.0,0.05,0.0,1.0,0.0,1.0,0.0,0.0,1.0,1.0,1.0,1.0,1.0,0.0,0.0,0.0,0.0,0.0,0.0,0.0,0.0,0.0,0.0,0.0,0.0,0.0,1.0,0.0,0.0,1.0,1.0,0.0,0.0,0.0,0.0,1.0,0.0,0.0,0.0,0.0,0.0,1.0,0.0,3.0,0.0,0.0,0.0,0.0,1.0,0.0,1.0,1.0,0.0,4.0,1.0,0.0,1.0,0.0,0.0,1.0,1.0,1.0,1.0,4835.0,1.0,0.0,0.0,2.0
/home/aagnone/Banning_Mills/DSC_6591.xmp,0.0,1.0,0.0,0.0,2.0,1.0,1.0,1.0,42.0,0.0,0.0,1.0,1.0,0.0,1.0,1.0,0.0,-0.01,0.0,1.0,0.0,1.0,0.0,0.0,1.0,1.0,1.0,1.0,1.0,0.0,0.0,0.0,0.0,0.0,0.0,0.0,0.0,0.0,0.0,0.0,0.0,0.0,1.0,0.0,0.0,1.0,1.0,0.0,0.0,0.0,0.0,1.0,0.0,0.0,0.0,0.0,0.0,1.0,0.0,3.0,0.0,0.0,0.0,0.0,1.0,0.0,1.0,1.0,0.0,4.0,1.0,0.0,1.0,0.0,0.0,1.0,1.0,1.0,1.0,5079.0,1.0,0.0,0.0,2.0
/home/aagnone/Banning_Mills/DSC_6592.xmp,0.0,1.0,0.0,0.0,2.0,1.0,1.0,1.0,44.0,0.0,0.0,1.0,1.0,0.0,1.0,1.0,0.0,-0.3,0.0,1.0,0.0,1.0,0.0,0.0,1.0,1.0,1.0,1.0,1.0,0.0,0.0,0.0,0.0,0.0,0.0,0.0,0.0,0.0,0.0,0.0,0.0,0.0,1.0,0.0,0.0,1.0,1.0,0.0,0.0,0.0,0.0,1.0,0.0,0.0,0.0,0.0,0.0,1.0,0.0,3.0,0.0,0.0,0.0,0.0,1.0,0.0,1.0,1.0,0.0,4.0,1.0,0.0,1.0,0.0,0.0,1.0,1.0,1.0,1.0,4900.0,1.0,0.0,0.0,2.0
/home/aagnone/Banning_Mills/DSC_6594.xmp,0.0,1.0,0.0,0.0,2.0,1.0,1.0,1.0,42.0,0.0,0.0,1.0,1.0,0.0,1.0,1.0,0.0,0.02,0.0,1.0,0.0,1.0,0.0,0.0,1.0,1.0,1.0,1.0,1.0,0.0,0.0,0.0,0.0,0.0,0.0,0.0,0.0,0.0,0.0,0.0,0.0,0.0,1.0,0.0,0.0,1.0,1.0,0.0,0.0,0.0,0.0,1.0,0.0,0.0,0.0,0.0,0.0,1.0,0.0,3.0,0.0,0.0,0.0,0.0,1.0,0.0,1.0,1.0,0.0,4.0,1.0,0.0,1.0,0.0,0.0,1.0,1.0,1.0,1.0,4898.0,1.0,0.0,0.0,2.0
/home/aagnone/Banning_Mills/DSC_6595.xmp,0.0,1.0,0.0,0.0,2.0,1.0,1.0,1.0,35.0,0.0,0.0,1.0,1.0,0.0,1.0,1.0,0.0,-0.2,0.0,1.0,0.0,1.0,0.0,0.0,1.0,1.0,1.0,1.0,1.0,0.0,0.0,0.0,0.0,0.0,0.0,0.0,0.0,0.0,0.0,0.0,0.0,0.0,1.0,0.0,0.0,1.0,1.0,0.0,0.0,0.0,0.0,1.0,0.0,0.0,0.0,0.0,0.0,1.0,0.0,3.0,0.0,0.0,0.0,0.0,1.0,0.0,1.0,1.0,0.0,4.0,1.0,0.0,1.0,0.0,0.0,1.0,1.0,1.0,1.0,4883.0,1.0,0.0,0.0,2.0
/home/aagnone/Banning_Mills/DSC_6596.xmp,0.0,1.0,0.0,0.0,2.0,1.0,1.0,1.0,27.0,0.0,0.0,1.0,1.0,0.0,1.0,1.0,0.0,-0.01,0.0,1.0,0.0,1.0,0.0,0.0,1.0,1.0,1.0,1.0,1.0,0.0,0.0,0.0,0.0,0.0,0.0,0.0,0.0,0.0,0.0,0.0,0.0,0.0,1.0,0.0,0.0,1.0,1.0,0.0,0.0,0.0,0.0,1.0,0.0,0.0,0.0,0.0,0.0,1.0,0.0,3.0,0.0,0.0,0.0,0.0,1.0,0.0,1.0,1.0,0.0,4.0,1.0,0.0,1.0,0.0,0.0,1.0,1.0,1.0,1.0,5016.0,1.0,0.0,0.0,2.0
/home/aagnone/Banning_Mills/DSC_6597.xmp,0.0,1.0,0.0,0.0,2.0,1.0,1.0,1.0,35.0,0.0,0.0,1.0,1.0,0.0,1.0,1.0,0.0,-0.2,0.0,1.0,0.0,1.0,0.0,0.0,1.0,1.0,1.0,1.0,1.0,0.0,0.0,0.0,0.0,0.0,0.0,0.0,0.0,0.0,0.0,0.0,0.0,0.0,1.0,0.0,0.0,1.0,1.0,0.0,0.0,0.0,0.0,1.0,0.0,0.0,0.0,0.0,0.0,1.0,0.0,3.0,0.0,0.0,0.0,0.0,1.0,0.0,1.0,1.0,0.0,4.0,1.0,0.0,1.0,0.0,0.0,1.0,1.0,1.0,1.0,5103.0,1.0,0.0,0.0,2.0
/home/aagnone/Banning_Mills/DSC_6598.xmp,0.0,1.0,0.0,0.0,2.0,1.0,1.0,1.0,35.0,0.0,0.0,1.0,1.0,0.0,1.0,1.0,0.0,-0.15,0.0,1.0,0.0,1.0,0.0,0.0,1.0,1.0,1.0,1.0,1.0,0.0,0.0,0.0,0.0,0.0,0.0,0.0,0.0,0.0,0.0,0.0,0.0,0.0,1.0,0.0,0.0,1.0,1.0,0.0,0.0,0.0,0.0,1.0,0.0,0.0,0.0,0.0,0.0,1.0,0.0,3.0,0.0,0.0,0.0,0.0,1.0,0.0,1.0,1.0,0.0,4.0,1.0,0.0,1.0,0.0,0.0,1.0,1.0,1.0,1.0,4948.0,1.0,0.0,0.0,2.0
/home/aagnone/Banning_Mills/DSC_6599.xmp,0.0,1.0,0.0,0.0,2.0,1.0,1.0,1.0,34.0,0.0,0.0,1.0,1.0,0.0,1.0,1.0,0.0,-0.16,0.0,1.0,0.0,1.0,0.0,0.0,1.0,1.0,1.0,1.0,1.0,0.0,0.0,0.0,0.0,0.0,0.0,0.0,0.0,0.0,0.0,0.0,0.0,0.0,1.0,0.0,0.0,1.0,1.0,0.0,0.0,0.0,0.0,1.0,0.0,0.0,0.0,0.0,0.0,1.0,0.0,3.0,0.0,0.0,0.0,0.0,1.0,0.0,1.0,1.0,0.0,4.0,1.0,0.0,1.0,0.0,0.0,1.0,1.0,1.0,1.0,4968.0,1.0,0.0,0.0,2.0
/home/aagnone/Banning_Mills/DSC_6600.xmp,0.0,1.0,0.0,0.0,2.0,1.0,1.0,1.0,34.0,0.0,0.0,1.0,1.0,0.0,1.0,1.0,0.0,0.17,0.0,1.0,0.0,1.0,0.0,0.0,1.0,1.0,1.0,1.0,1.0,0.0,0.0,0.0,0.0,0.0,0.0,0.0,0.0,0.0,0.0,0.0,0.0,0.0,1.0,0.0,0.0,1.0,1.0,0.0,0.0,0.0,0.0,1.0,0.0,0.0,0.0,0.0,0.0,1.0,0.0,3.0,0.0,0.0,0.0,0.0,1.0,0.0,1.0,1.0,0.0,4.0,1.0,0.0,1.0,0.0,0.0,1.0,1.0,1.0,1.0,4994.0,1.0,0.0,0.0,2.0
/home/aagnone/Banning_Mills/DSC_6601.xmp,0.0,1.0,0.0,0.0,2.0,1.0,1.0,1.0,32.0,0.0,0.0,1.0,1.0,0.0,1.0,1.0,0.0,0.01,0.0,1.0,0.0,1.0,0.0,0.0,1.0,1.0,1.0,1.0,1.0,0.0,0.0,0.0,0.0,0.0,0.0,0.0,0.0,0.0,0.0,0.0,0.0,0.0,1.0,0.0,0.0,1.0,1.0,0.0,0.0,0.0,0.0,1.0,0.0,0.0,0.0,0.0,0.0,1.0,0.0,3.0,0.0,0.0,0.0,0.0,1.0,0.0,1.0,1.0,0.0,4.0,1.0,0.0,1.0,0.0,0.0,1.0,1.0,1.0,1.0,4944.0,1.0,0.0,0.0,2.0
/home/aagnone/Banning_Mills/DSC_6603.xmp,0.0,1.0,0.0,0.0,2.0,1.0,1.0,1.0,33.0,0.0,0.0,1.0,1.0,0.0,1.0,1.0,0.0,-0.13,0.0,1.0,0.0,1.0,0.0,0.0,1.0,1.0,1.0,1.0,1.0,0.0,0.0,0.0,0.0,0.0,0.0,0.0,0.0,0.0,0.0,0.0,0.0,0.0,1.0,0.0,0.0,1.0,1.0,0.0,0.0,0.0,0.0,1.0,0.0,0.0,0.0,0.0,0.0,1.0,0.0,3.0,0.0,0.0,0.0,0.0,1.0,0.0,1.0,1.0,0.0,4.0,1.0,0.0,1.0,0.0,0.0,1.0,1.0,1.0,1.0,4943.0,1.0,0.0,0.0,2.0
/home/aagnone/Banning_Mills/DSC_6604.xmp,0.0,1.0,0.0,0.0,2.0,1.0,1.0,1.0,37.0,0.0,0.0,1.0,1.0,0.0,1.0,1.0,0.0,-0.28,0.0,1.0,0.0,1.0,0.0,0.0,1.0,1.0,1.0,1.0,1.0,0.0,0.0,0.0,0.0,0.0,0.0,0.0,0.0,0.0,0.0,0.0,0.0,0.0,1.0,0.0,0.0,1.0,1.0,0.0,0.0,0.0,0.0,1.0,0.0,0.0,0.0,0.0,0.0,1.0,0.0,3.0,0.0,0.0,0.0,0.0,1.0,0.0,1.0,1.0,0.0,4.0,1.0,0.0,1.0,0.0,0.0,1.0,1.0,1.0,1.0,4796.0,1.0,0.0,0.0,2.0
/home/aagnone/Banning_Mills/DSC_6605.xmp,0.0,1.0,0.0,0.0,2.0,1.0,1.0,1.0,37.0,0.0,0.0,1.0,1.0,0.0,1.0,1.0,0.0,-0.24,0.0,1.0,0.0,1.0,0.0,0.0,1.0,1.0,1.0,1.0,1.0,0.0,0.0,0.0,0.0,0.0,0.0,0.0,0.0,0.0,0.0,0.0,0.0,0.0,1.0,0.0,0.0,1.0,1.0,0.0,0.0,0.0,0.0,1.0,0.0,0.0,0.0,0.0,0.0,1.0,0.0,3.0,0.0,0.0,0.0,0.0,1.0,0.0,1.0,1.0,0.0,4.0,1.0,0.0,1.0,0.0,0.0,1.0,1.0,1.0,1.0,4858.0,1.0,0.0,0.0,2.0
/home/aagnone/Banning_Mills/DSC_6606.xmp,0.0,1.0,0.0,0.0,2.0,1.0,1.0,1.0,43.0,0.0,0.0,1.0,1.0,0.0,1.0,1.0,0.0,-0.21,0.0,1.0,0.0,1.0,0.0,0.0,1.0,1.0,1.0,1.0,1.0,0.0,0.0,0.0,0.0,0.0,0.0,0.0,0.0,0.0,0.0,0.0,0.0,0.0,1.0,0.0,0.0,1.0,1.0,0.0,0.0,0.0,0.0,1.0,0.0,0.0,0.0,0.0,0.0,1.0,0.0,3.0,0.0,0.0,0.0,0.0,1.0,0.0,1.0,1.0,0.0,4.0,1.0,0.0,1.0,0.0,0.0,1.0,1.0,1.0,1.0,4857.0,1.0,0.0,0.0,2.0
/home/aagnone/Banning_Mills/DSC_6607.xmp,0.0,1.0,0.0,0.0,2.0,1.0,1.0,1.0,42.0,0.0,0.0,1.0,1.0,0.0,1.0,1.0,0.0,-0.08,0.0,1.0,0.0,1.0,0.0,0.0,1.0,1.0,1.0,1.0,1.0,0.0,0.0,0.0,0.0,0.0,0.0,0.0,0.0,0.0,0.0,0.0,0.0,0.0,1.0,0.0,0.0,1.0,1.0,0.0,0.0,0.0,0.0,1.0,0.0,0.0,0.0,0.0,0.0,1.0,0.0,3.0,0.0,0.0,0.0,0.0,1.0,0.0,1.0,1.0,0.0,4.0,1.0,0.0,1.0,0.0,0.0,1.0,1.0,1.0,1.0,4851.0,1.0,0.0,0.0,2.0
/home/aagnone/Banning_Mills/DSC_6608.xmp,0.0,1.0,0.0,0.0,2.0,1.0,1.0,1.0,37.0,0.0,0.0,1.0,1.0,0.0,1.0,1.0,0.0,-0.2,0.0,1.0,0.0,1.0,0.0,0.0,1.0,1.0,1.0,1.0,1.0,0.0,0.0,0.0,0.0,0.0,0.0,0.0,0.0,0.0,0.0,0.0,0.0,0.0,1.0,0.0,0.0,1.0,1.0,0.0,0.0,0.0,0.0,1.0,0.0,0.0,0.0,0.0,0.0,1.0,0.0,3.0,0.0,0.0,0.0,0.0,1.0,0.0,1.0,1.0,0.0,4.0,1.0,0.0,1.0,0.0,0.0,1.0,1.0,1.0,1.0,4992.0,1.0,0.0,0.0,2.0
/home/aagnone/Banning_Mills/DSC_6609.xmp,0.0,1.0,0.0,0.0,2.0,1.0,1.0,1.0,41.0,0.0,0.0,1.0,1.0,0.0,1.0,1.0,0.0,-0.14,0.0,1.0,0.0,1.0,0.0,0.0,1.0,1.0,1.0,1.0,1.0,0.0,0.0,0.0,0.0,0.0,0.0,0.0,0.0,0.0,0.0,0.0,0.0,0.0,1.0,0.0,0.0,1.0,1.0,0.0,0.0,0.0,0.0,1.0,0.0,0.0,0.0,0.0,0.0,1.0,0.0,3.0,0.0,0.0,0.0,0.0,1.0,0.0,1.0,1.0,0.0,4.0,1.0,0.0,1.0,0.0,0.0,1.0,1.0,1.0,1.0,4936.0,1.0,0.0,0.0,2.0
/home/aagnone/Banning_Mills/DSC_6611.xmp,0.0,1.0,0.0,0.0,2.0,1.0,1.0,1.0,31.0,0.0,0.0,1.0,1.0,0.0,1.0,1.0,0.0,0.16,0.0,1.0,0.0,1.0,0.0,0.0,1.0,1.0,1.0,1.0,1.0,0.0,0.0,0.0,0.0,0.0,0.0,0.0,0.0,0.0,0.0,0.0,0.0,0.0,1.0,0.0,0.0,1.0,1.0,0.0,0.0,0.0,0.0,1.0,0.0,0.0,0.0,0.0,0.0,1.0,0.0,3.0,0.0,0.0,0.0,0.0,1.0,0.0,1.0,1.0,0.0,4.0,1.0,0.0,1.0,0.0,0.0,1.0,1.0,1.0,1.0,4857.0,1.0,0.0,0.0,2.0
/home/aagnone/Banning_Mills/DSC_6612.xmp,0.0,1.0,0.0,0.0,2.0,1.0,1.0,1.0,33.0,0.0,0.0,1.0,1.0,0.0,1.0,1.0,0.0,0.53,0.0,1.0,0.0,1.0,0.0,0.0,1.0,1.0,1.0,1.0,1.0,0.0,0.0,0.0,0.0,0.0,0.0,0.0,0.0,0.0,0.0,0.0,0.0,0.0,1.0,0.0,0.0,1.0,1.0,0.0,0.0,0.0,0.0,1.0,0.0,0.0,0.0,0.0,0.0,1.0,0.0,3.0,0.0,0.0,0.0,0.0,1.0,0.0,1.0,1.0,0.0,4.0,1.0,0.0,1.0,0.0,0.0,1.0,1.0,1.0,1.0,4886.0,1.0,0.0,0.0,2.0
/home/aagnone/Banning_Mills/DSC_6613.xmp,0.0,1.0,0.0,0.0,2.0,1.0,1.0,1.0,35.0,0.0,0.0,1.0,1.0,0.0,1.0,1.0,0.0,0.45,0.0,1.0,0.0,1.0,0.0,0.0,1.0,1.0,1.0,1.0,1.0,0.0,0.0,0.0,0.0,0.0,0.0,0.0,0.0,0.0,0.0,0.0,0.0,0.0,1.0,0.0,0.0,1.0,1.0,0.0,0.0,0.0,0.0,1.0,0.0,0.0,0.0,0.0,0.0,1.0,0.0,3.0,0.0,0.0,0.0,0.0,1.0,0.0,1.0,1.0,0.0,4.0,1.0,0.0,1.0,0.0,0.0,1.0,1.0,1.0,1.0,4862.0,1.0,0.0,0.0,2.0
/home/aagnone/Banning_Mills/DSC_6614.xmp,0.0,1.0,0.0,0.0,2.0,1.0,1.0,1.0,34.0,0.0,0.0,1.0,1.0,0.0,1.0,1.0,0.0,0.32,0.0,1.0,0.0,1.0,0.0,0.0,1.0,1.0,1.0,1.0,1.0,0.0,0.0,0.0,0.0,0.0,0.0,0.0,0.0,0.0,0.0,0.0,0.0,0.0,1.0,0.0,0.0,1.0,1.0,0.0,0.0,0.0,0.0,1.0,0.0,0.0,0.0,0.0,0.0,1.0,0.0,3.0,0.0,0.0,0.0,0.0,1.0,0.0,1.0,1.0,0.0,4.0,1.0,0.0,1.0,0.0,0.0,1.0,1.0,1.0,1.0,4894.0,1.0,0.0,0.0,2.0
/home/aagnone/Banning_Mills/DSC_6615.xmp,0.0,1.0,0.0,0.0,2.0,1.0,1.0,1.0,40.0,0.0,0.0,1.0,1.0,0.0,1.0,1.0,0.0,0.11,0.0,1.0,0.0,1.0,0.0,0.0,1.0,1.0,1.0,1.0,1.0,0.0,0.0,0.0,0.0,0.0,0.0,0.0,0.0,0.0,0.0,0.0,0.0,0.0,1.0,0.0,0.0,1.0,1.0,0.0,0.0,0.0,0.0,1.0,0.0,0.0,0.0,0.0,0.0,1.0,0.0,3.0,0.0,0.0,0.0,0.0,1.0,0.0,1.0,1.0,0.0,4.0,1.0,0.0,1.0,0.0,0.0,1.0,1.0,1.0,1.0,4910.0,1.0,0.0,0.0,2.0
/home/aagnone/Banning_Mills/DSC_6616.xmp,0.0,1.0,0.0,0.0,2.0,1.0,1.0,1.0,41.0,0.0,0.0,1.0,1.0,0.0,1.0,1.0,0.0,-0.07,0.0,1.0,0.0,1.0,0.0,0.0,1.0,1.0,1.0,1.0,1.0,0.0,0.0,0.0,0.0,0.0,0.0,0.0,0.0,0.0,0.0,0.0,0.0,0.0,1.0,0.0,0.0,1.0,1.0,0.0,0.0,0.0,0.0,1.0,0.0,0.0,0.0,0.0,0.0,1.0,0.0,3.0,0.0,0.0,0.0,0.0,1.0,0.0,1.0,1.0,0.0,4.0,1.0,0.0,1.0,0.0,0.0,1.0,1.0,1.0,1.0,4810.0,1.0,0.0,0.0,2.0
/home/aagnone/Banning_Mills/DSC_6617.xmp,0.0,1.0,0.0,0.0,2.0,1.0,1.0,1.0,40.0,0.0,0.0,1.0,1.0,0.0,1.0,1.0,0.0,0.46,0.0,1.0,0.0,1.0,0.0,0.0,1.0,1.0,1.0,1.0,1.0,0.0,0.0,0.0,0.0,0.0,0.0,0.0,0.0,0.0,0.0,0.0,0.0,0.0,1.0,0.0,0.0,1.0,1.0,0.0,0.0,0.0,0.0,1.0,0.0,0.0,0.0,0.0,0.0,1.0,0.0,3.0,0.0,0.0,0.0,0.0,1.0,0.0,1.0,1.0,0.0,4.0,1.0,0.0,1.0,0.0,0.0,1.0,1.0,1.0,1.0,4927.0,1.0,0.0,0.0,2.0
/home/aagnone/Banning_Mills/DSC_6618.xmp,0.0,1.0,0.0,0.0,2.0,1.0,1.0,1.0,43.0,0.0,0.0,1.0,1.0,0.0,1.0,1.0,0.0,0.1,0.0,1.0,0.0,1.0,0.0,0.0,1.0,1.0,1.0,1.0,1.0,0.0,0.0,0.0,0.0,0.0,0.0,0.0,0.0,0.0,0.0,0.0,0.0,0.0,1.0,0.0,0.0,1.0,1.0,0.0,0.0,0.0,0.0,1.0,0.0,0.0,0.0,0.0,0.0,1.0,0.0,3.0,0.0,0.0,0.0,0.0,1.0,0.0,1.0,1.0,0.0,4.0,1.0,0.0,1.0,0.0,0.0,1.0,1.0,1.0,1.0,4987.0,1.0,0.0,0.0,2.0
/home/aagnone/Banning_Mills/DSC_6619.xmp,0.0,1.0,0.0,0.0,2.0,1.0,1.0,1.0,39.0,0.0,0.0,1.0,1.0,0.0,1.0,1.0,0.0,-0.09,0.0,1.0,0.0,1.0,0.0,0.0,1.0,1.0,1.0,1.0,1.0,0.0,0.0,0.0,0.0,0.0,0.0,0.0,0.0,0.0,0.0,0.0,0.0,0.0,1.0,0.0,0.0,1.0,1.0,0.0,0.0,0.0,0.0,1.0,0.0,0.0,0.0,0.0,0.0,1.0,0.0,3.0,0.0,0.0,0.0,0.0,1.0,0.0,1.0,1.0,0.0,4.0,1.0,0.0,1.0,0.0,0.0,1.0,1.0,1.0,1.0,5090.0,1.0,0.0,0.0,2.0
/home/aagnone/Banning_Mills/DSC_6620.xmp,0.0,1.0,0.0,0.0,2.0,1.0,1.0,1.0,35.0,0.0,0.0,1.0,1.0,0.0,1.0,1.0,0.0,0.12,0.0,1.0,0.0,1.0,0.0,0.0,1.0,1.0,1.0,1.0,1.0,0.0,0.0,0.0,0.0,0.0,0.0,0.0,0.0,0.0,0.0,0.0,0.0,0.0,1.0,0.0,0.0,1.0,1.0,0.0,0.0,0.0,0.0,1.0,0.0,0.0,0.0,0.0,0.0,1.0,0.0,3.0,0.0,0.0,0.0,0.0,1.0,0.0,1.0,1.0,0.0,4.0,1.0,0.0,1.0,0.0,0.0,1.0,1.0,1.0,1.0,4840.0,1.0,0.0,0.0,2.0
/home/aagnone/Banning_Mills/DSC_6622.xmp,0.0,1.0,0.0,0.0,2.0,1.0,1.0,1.0,38.0,0.0,0.0,1.0,1.0,0.0,1.0,1.0,0.0,0.2,0.0,1.0,0.0,1.0,0.0,0.0,1.0,1.0,1.0,1.0,1.0,0.0,0.0,0.0,0.0,0.0,0.0,0.0,0.0,0.0,0.0,0.0,0.0,0.0,1.0,0.0,0.0,1.0,1.0,0.0,0.0,0.0,0.0,1.0,0.0,0.0,0.0,0.0,0.0,1.0,0.0,3.0,0.0,0.0,0.0,0.0,1.0,0.0,1.0,1.0,0.0,4.0,1.0,0.0,1.0,0.0,0.0,1.0,1.0,1.0,1.0,4910.0,1.0,0.0,0.0,2.0
/home/aagnone/Banning_Mills/DSC_6623.xmp,0.0,1.0,0.0,0.0,2.0,1.0,1.0,1.0,37.0,0.0,0.0,1.0,1.0,0.0,1.0,1.0,0.0,-0.29,0.0,1.0,0.0,1.0,0.0,0.0,1.0,1.0,1.0,1.0,1.0,0.0,0.0,0.0,0.0,0.0,0.0,0.0,0.0,0.0,0.0,0.0,0.0,0.0,1.0,0.0,0.0,1.0,1.0,0.0,0.0,0.0,0.0,1.0,0.0,0.0,0.0,0.0,0.0,1.0,0.0,3.0,0.0,0.0,0.0,0.0,1.0,0.0,1.0,1.0,0.0,4.0,1.0,0.0,1.0,0.0,0.0,1.0,1.0,1.0,1.0,4801.0,1.0,0.0,0.0,2.0
/home/aagnone/Banning_Mills/DSC_6624.xmp,0.0,1.0,0.0,0.0,2.0,1.0,1.0,1.0,40.0,0.0,0.0,1.0,1.0,0.0,1.0,1.0,0.0,0.05,0.0,1.0,0.0,1.0,0.0,0.0,1.0,1.0,1.0,1.0,1.0,0.0,0.0,0.0,0.0,0.0,0.0,0.0,0.0,0.0,0.0,0.0,0.0,0.0,1.0,0.0,0.0,1.0,1.0,0.0,0.0,0.0,0.0,1.0,0.0,0.0,0.0,0.0,0.0,1.0,0.0,3.0,0.0,0.0,0.0,0.0,1.0,0.0,1.0,1.0,0.0,4.0,1.0,0.0,1.0,0.0,0.0,1.0,1.0,1.0,1.0,4776.0,1.0,0.0,0.0,2.0
/home/aagnone/Banning_Mills/DSC_6625.xmp,0.0,1.0,0.0,0.0,2.0,1.0,1.0,1.0,42.0,0.0,0.0,1.0,1.0,0.0,1.0,1.0,0.0,-0.09,0.0,1.0,0.0,1.0,0.0,0.0,1.0,1.0,1.0,1.0,1.0,0.0,0.0,0.0,0.0,0.0,0.0,0.0,0.0,0.0,0.0,0.0,0.0,0.0,1.0,0.0,0.0,1.0,1.0,0.0,0.0,0.0,0.0,1.0,0.0,0.0,0.0,0.0,0.0,1.0,0.0,3.0,0.0,0.0,0.0,0.0,1.0,0.0,1.0,1.0,0.0,4.0,1.0,0.0,1.0,0.0,0.0,1.0,1.0,1.0,1.0,4859.0,1.0,0.0,0.0,2.0
/home/aagnone/Banning_Mills/DSC_6627.xmp,0.0,1.0,0.0,0.0,2.0,1.0,1.0,1.0,39.0,0.0,0.0,1.0,1.0,0.0,1.0,1.0,0.0,-0.0,0.0,1.0,0.0,1.0,0.0,0.0,1.0,1.0,1.0,1.0,1.0,0.0,0.0,0.0,0.0,0.0,0.0,0.0,0.0,0.0,0.0,0.0,0.0,0.0,1.0,0.0,0.0,1.0,1.0,0.0,0.0,0.0,0.0,1.0,0.0,0.0,0.0,0.0,0.0,1.0,0.0,3.0,0.0,0.0,0.0,0.0,1.0,0.0,1.0,1.0,0.0,4.0,1.0,0.0,1.0,0.0,0.0,1.0,1.0,1.0,1.0,4910.0,1.0,0.0,0.0,2.0
/home/aagnone/Banning_Mills/DSC_6628.xmp,0.0,1.0,0.0,0.0,2.0,1.0,1.0,1.0,40.0,0.0,0.0,1.0,1.0,0.0,1.0,1.0,0.0,0.01,0.0,1.0,0.0,1.0,0.0,0.0,1.0,1.0,1.0,1.0,1.0,0.0,0.0,0.0,0.0,0.0,0.0,0.0,0.0,0.0,0.0,0.0,0.0,0.0,1.0,0.0,0.0,1.0,1.0,0.0,0.0,0.0,0.0,1.0,0.0,0.0,0.0,0.0,0.0,1.0,0.0,3.0,0.0,0.0,0.0,0.0,1.0,0.0,1.0,1.0,0.0,4.0,1.0,0.0,1.0,0.0,0.0,1.0,1.0,1.0,1.0,4908.0,1.0,0.0,0.0,2.0
/home/aagnone/Banning_Mills/DSC_6629.xmp,0.0,1.0,0.0,0.0,2.0,1.0,1.0,1.0,41.0,0.0,0.0,1.0,1.0,0.0,1.0,1.0,0.0,0.37,0.0,1.0,0.0,1.0,0.0,0.0,1.0,1.0,1.0,1.0,1.0,0.0,0.0,0.0,0.0,0.0,0.0,0.0,0.0,0.0,0.0,0.0,0.0,0.0,1.0,0.0,0.0,1.0,1.0,0.0,0.0,0.0,0.0,1.0,0.0,0.0,0.0,0.0,0.0,1.0,0.0,3.0,0.0,0.0,0.0,0.0,1.0,0.0,1.0,1.0,0.0,4.0,1.0,0.0,1.0,0.0,0.0,1.0,1.0,1.0,1.0,4765.0,1.0,0.0,0.0,2.0
/home/aagnone/Banning_Mills/DSC_6630.xmp,0.0,1.0,0.0,0.0,2.0,1.0,1.0,1.0,40.0,0.0,0.0,1.0,1.0,0.0,1.0,1.0,0.0,0.27,0.0,1.0,0.0,1.0,0.0,0.0,1.0,1.0,1.0,1.0,1.0,0.0,0.0,0.0,0.0,0.0,0.0,0.0,0.0,0.0,0.0,0.0,0.0,0.0,1.0,0.0,0.0,1.0,1.0,0.0,0.0,0.0,0.0,1.0,0.0,0.0,0.0,0.0,0.0,1.0,0.0,3.0,0.0,0.0,0.0,0.0,1.0,0.0,1.0,1.0,0.0,4.0,1.0,0.0,1.0,0.0,0.0,1.0,1.0,1.0,1.0,4811.0,1.0,0.0,0.0,2.0
/home/aagnone/Banning_Mills/DSC_6631.xmp,0.0,1.0,0.0,0.0,2.0,1.0,1.0,1.0,44.0,0.0,0.0,1.0,1.0,0.0,1.0,1.0,0.0,0.48,0.0,1.0,0.0,1.0,0.0,0.0,1.0,1.0,1.0,1.0,1.0,0.0,0.0,0.0,0.0,0.0,0.0,0.0,0.0,0.0,0.0,0.0,0.0,0.0,1.0,0.0,0.0,1.0,1.0,0.0,0.0,0.0,0.0,1.0,0.0,0.0,0.0,0.0,0.0,1.0,0.0,3.0,0.0,0.0,0.0,0.0,1.0,0.0,1.0,1.0,0.0,4.0,1.0,0.0,1.0,0.0,0.0,1.0,1.0,1.0,1.0,4839.0,1.0,0.0,0.0,2.0
/home/aagnone/Banning_Mills/DSC_6666.xmp,0.0,1.0,0.0,0.0,2.0,1.0,1.0,1.0,31.0,0.0,0.0,1.0,1.0,0.0,1.0,1.0,0.0,-0.02,0.0,1.0,0.0,1.0,0.0,0.0,1.0,1.0,1.0,1.0,1.0,0.0,0.0,0.0,0.0,0.0,0.0,0.0,0.0,0.0,0.0,0.0,0.0,0.0,1.0,0.0,0.0,1.0,1.0,0.0,0.0,0.0,0.0,1.0,0.0,0.0,0.0,0.0,0.0,1.0,0.0,3.0,0.0,0.0,0.0,0.0,1.0,0.0,1.0,1.0,0.0,4.0,1.0,0.0,1.0,0.0,0.0,1.0,1.0,1.0,1.0,4889.0,1.0,0.0,0.0,2.0
/home/aagnone/Banning_Mills/DSC_6669.xmp,0.0,1.0,0.0,0.0,2.0,1.0,1.0,1.0,29.0,0.0,0.0,1.0,1.0,0.0,1.0,1.0,0.0,0.0,0.0,1.0,0.0,1.0,0.0,0.0,1.0,1.0,1.0,1.0,1.0,0.0,0.0,0.0,0.0,0.0,0.0,0.0,0.0,0.0,0.0,0.0,0.0,0.0,1.0,0.0,0.0,1.0,1.0,0.0,0.0,0.0,0.0,1.0,0.0,0.0,0.0,0.0,0.0,1.0,0.0,3.0,0.0,0.0,0.0,0.0,1.0,0.0,1.0,1.0,0.0,4.0,1.0,0.0,1.0,0.0,0.0,1.0,1.0,1.0,1.0,4944.0,1.0,0.0,0.0,2.0
/home/aagnone/Banning_Mills/DSC_6676.xmp,0.0,1.0,0.0,0.0,2.0,1.0,1.0,1.0,28.0,0.0,0.0,1.0,1.0,0.0,1.0,1.0,0.0,-0.08,0.0,1.0,0.0,1.0,0.0,0.0,1.0,1.0,1.0,1.0,1.0,0.0,0.0,0.0,0.0,0.0,0.0,0.0,0.0,0.0,0.0,0.0,0.0,0.0,1.0,0.0,0.0,1.0,1.0,0.0,0.0,0.0,0.0,1.0,0.0,0.0,0.0,0.0,0.0,1.0,0.0,3.0,0.0,0.0,0.0,0.0,1.0,0.0,1.0,1.0,0.0,4.0,1.0,0.0,1.0,0.0,0.0,1.0,1.0,1.0,1.0,5051.0,1.0,0.0,0.0,2.0
